
(rdkit3) C:\Users\jmn\Documents\CNRS19\Bologne\Biblio\Knapsack>"C:\Users\jmn\Documents\jdk1.8.0_202\bin\java.exe" -Xmx1g -classpath predictorc.jar;nmrshiftdb2/lib/cdk-interfaces.jar;nmrshiftdb2/lib/cdk-io.jar;nmrshiftdb2/lib/cdk-core.jar;nmrshiftdb2/lib/cdk-data.jar;nmrshiftdb2/lib/cdk-standard.jar;nmrshiftdb2/lib/cdk-sdg.jar;nmrshiftdb2/lib/cdk-valencycheck.jar;nmrshiftdb2/lib/vecmath1.2-1.14.jar;nmrshiftdb2/lib/jgrapht.jar;nmrshiftdb2/lib/antlr-2.7.2.jar;nmrshiftdb2/lib/cdk-atomtype.jar;nmrshiftdb2/lib/cdk-ioformats.jar;nmrshiftdb2/lib/cdk-legacy.jar;nmrshiftdb2/lib/guava-17.0.jar;nmrshiftdb2/lib/cdk-smiles.jar;nmrshiftdb2/lib/beam-core-0.9.2.jar;nmrshiftdb2/lib/beam-func-0.9.2.jar;. Demo "hyperic_2D_tagged.sdf" "4" "3d" 
Duration: 12567
0 0 108.1
0 1 165.9
0 2 107.8
0 3 135.3
0 4 108.44546
0 5 164.4
0 7 186.78
0 9 114.57
0 10 132.44
0 11 182.82272
0 13 119.55
0 14 147.29
0 15 124.09
0 16 161.71
0 18 21.38
1 0 100.9
1 1 164.3
1 2 107.1
1 3 144.4
1 4 108.0
1 5 164.2
1 7 187.77037
1 9 111.9
1 10 135.42876
1 11 33.366665
1 12 125.8375
1 13 141.4741
1 14 122.84885
1 15 161.90282
1 17 21.529535
2 0 108.1
2 1 147.1
2 2 147.2
2 3 106.5
2 4 135.0
2 5 119.5
2 6 85.4
2 8 71.52857
2 9 54.228573
2 10 54.228573
2 11 71.52857
2 13 85.4
2 14 135.0
2 15 119.5
2 16 108.1
2 17 147.1
2 18 147.2
2 19 106.5
2 21 101.0
2 24 101.0
3 0 121.0
3 1 116.275
3 2 149.0
3 3 145.74
3 4 114.3
3 5 125.9
3 6 144.6
3 7 115.0
3 8 168.25
4 0 157.96666
4 1 96.1
4 2 157.2
4 3 100.6
4 4 156.9
4 5 95.4
4 7 82.7
4 8 68.3
4 9 28.8
4 11 131.6
4 12 115.0
4 13 145.605
4 14 145.805
4 15 115.715
4 16 119.0
5 0 164.6
5 1 99.0
5 2 161.4
5 3 104.84615
5 4 158.83076
5 5 95.00769
5 7 161.675
5 8 104.1
5 9 182.60834
5 11 123.69865
5 12 127.98287
5 13 124.44103
5 14 152.28316
5 15 114.14503
5 16 126.18489
5 18 114.316666
5 19 154.155
5 20 103.01818
5 21 160.42728
5 22 104.60555
5 23 153.89711
5 25 164.1909
5 26 103.7
5 27 182.55556
5 29 121.34286
5 30 128.6
5 31 115.9
5 32 161.4
5 33 115.9
5 34 128.6
6 0 164.18
6 1 99.1825
6 2 161.8475
6 3 105.33923
6 4 157.05
6 5 94.01875
6 7 146.6
6 8 136.6
6 9 175.26364
6 12 120.3
6 13 109.0
6 14 146.9
6 15 138.0
6 16 146.9
6 17 109.0
7 0 73.8
7 1 69.3
7 2 33.1
7 3 132.5
7 4 140.0
7 5 68.5
7 7 172.9
8 0 13.97
8 1 22.15
8 2 32.043335
8 3 28.72
8 4 29.04
8 5 29.075
8 6 29.42
8 7 29.505
8 8 29.505
8 9 29.505
8 10 29.505
8 11 29.505
8 12 29.505
8 13 29.505
8 14 29.505
8 15 29.505
8 16 29.505
8 17 29.505
8 18 29.505
8 19 29.505
8 20 29.505
8 21 29.505
8 22 29.505
8 23 29.505
8 24 29.42
8 25 29.075
8 26 29.04
8 27 28.72
8 28 32.043335
8 29 22.15
8 30 13.97
9 0 146.4
9 1 110.05
9 2 107.8
9 3 126.8
9 4 123.4
9 5 98.2
9 6 111.96507
9 7 121.774605
9 9 29.6
9 10 42.7
10 0 119.215385
10 1 120.2375
10 2 111.19538
10 3 136.3
10 4 127.4
10 5 118.1
10 6 112.6
10 7 122.5
10 9 29.6
10 10 42.7
11 0 161.24286
11 1 110.287346
11 2 40.17
11 3 116.90897
11 4 186.02
11 5 39.323273
11 6 186.02
11 7 117.07273
11 8 183.73334
11 10 194.88481
11 12 41.2
11 13 17.7
11 14 13.7
11 16 25.29683
11 17 25.29683
11 19 151.2
11 20 106.82804
11 21 153.89711
11 22 104.25
11 23 206.3
11 25 46.65
11 26 18.1
11 27 13.8
11 29 78.805305
11 30 128.79231
11 31 116.20091
11 32 27.484194
11 33 27.484194
12 0 124.4
12 1 131.77272
12 2 116.645454
12 3 154.03636
12 4 118.86364
12 5 128.17273
12 6 143.52727
12 7 116.58182
12 8 160.61818
13 0 164.55
13 1 99.3
13 2 162.95
13 3 106.0
13 4 158.15
13 5 93.95
13 7 154.55714
13 8 122.87857
13 9 181.0
13 11 122.66
13 12 130.1
13 13 115.05
13 14 157.0
13 15 115.05
13 16 130.1
14 0 50.1
14 1 50.1
14 2 82.0
14 4 72.25
14 5 132.9
14 6 104.192856
14 7 150.38571
14 8 136.1
14 9 150.38571
14 10 104.192856
14 12 56.15
14 15 56.15
14 16 72.25
14 18 82.0
14 19 132.9
14 20 104.192856
14 21 150.38571
14 22 134.06
14 23 150.38571
14 24 104.192856
14 26 56.273335
14 29 56.273335
15 1 71.9
15 2 38.12857
15 3 70.24737
15 4 76.7
15 5 74.51673
15 6 38.4
15 8 168.7
15 10 115.3
15 11 146.8
15 12 127.63
15 13 121.95
15 14 116.275
15 15 149.0
15 16 145.74
15 17 114.95
15 22 180.6
16 0 105.7
16 1 174.6
16 2 126.9
16 3 126.0
16 4 108.3
16 5 168.3
16 7 183.6
16 9 101.9
16 10 119.3
16 11 121.4
16 12 121.4
16 13 126.0
16 14 108.3
16 15 168.3
16 16 105.7
16 17 174.6
16 18 126.9
16 21 183.6
16 23 101.9
16 24 119.3
16 25 121.2
16 26 121.2
16 27 143.9
16 28 118.9
16 29 161.4
16 31 23.7
16 32 143.9
16 33 118.9
16 34 161.4
16 36 23.7
17 0 124.09
17 1 147.29
17 2 119.55
17 3 132.44
17 4 113.5
17 5 162.6
17 7 191.5
17 9 110.32059
17 10 133.2
17 11 181.8
17 13 111.43158
17 14 156.62857
17 15 110.655556
17 16 160.53133
17 18 21.9
17 19 123.29444
17 20 132.33888
17 21 17.8
17 22 25.6
17 24 21.38
18 0 105.7
18 1 174.6
18 2 126.9
18 3 126.0
18 4 108.3
18 5 168.3
18 7 183.6
18 9 101.9
18 10 119.3
18 11 121.4
18 12 121.4
18 13 126.0
18 14 108.3
18 15 168.3
18 16 105.7
18 17 174.6
18 18 126.9
18 21 183.6
18 23 101.9
18 24 119.3
18 25 121.2
18 26 121.2
18 27 143.9
18 28 118.9
18 29 161.4
18 31 23.7
18 32 131.84
18 33 111.36888
18 34 161.4
18 36 63.433334
19 0 136.2
19 1 110.1
19 2 161.8
19 3 108.73637
19 4 156.35
19 5 107.0
19 7 151.0
19 8 122.0
19 9 181.31429
19 11 115.375
19 12 148.13333
19 13 115.61818
19 14 113.02698
20 0 164.6
20 1 97.877975
20 2 163.07002
20 3 107.02
20 4 155.77676
20 5 93.2
20 7 151.0
20 8 122.0
20 9 181.28
20 11 115.375
20 12 148.13333
20 13 115.61818
20 14 113.02698
21 0 154.1
21 1 105.62727
21 2 158.04333
21 3 107.26613
21 4 144.2
21 5 118.8
21 6 41.2
21 7 149.52307
21 8 110.61154
21 9 28.88
21 10 28.88
21 12 145.21977
21 13 121.37143
21 14 181.28
21 16 128.17245
21 17 107.6
21 18 147.35
21 19 131.525
21 23 115.77454
21 24 127.15818
21 25 78.805305
21 27 27.484194
21 28 27.484194
22 0 162.64546
22 1 109.538666
22 2 161.26666
22 3 103.1
22 4 155.77676
22 5 95.819695
22 7 154.56857
22 8 122.0
22 9 181.31429
22 11 108.4
22 12 145.40164
22 13 151.18
22 14 100.37013
22 18 72.0
22 19 74.5
22 20 80.3
22 21 72.5
22 22 81.5
22 24 62.9
23 0 163.8
23 1 111.1
23 2 161.5
23 3 104.0
23 4 155.77676
23 5 93.5
23 7 155.7
23 8 122.2
23 9 181.9
23 11 137.0
23 12 142.7
23 13 154.5
23 14 101.6
23 17 62.0
23 18 26.233334
23 19 123.53509
23 20 131.78474
23 21 17.8
23 22 25.5
23 24 21.9
23 25 123.00714
23 26 132.33888
23 27 17.8
23 28 25.6
24 0 164.6
24 1 97.877975
24 2 163.07002
24 3 107.02
24 4 155.77676
24 5 93.2
24 7 154.56857
24 8 122.0
24 9 181.28
24 11 108.4
24 12 145.40164
24 13 151.18
24 14 100.37013
25 0 165.6
25 1 93.74298
25 2 161.26256
25 3 106.07183
25 4 153.6
25 5 112.8
25 6 27.066668
25 7 83.83223
25 9 59.233334
25 11 50.233334
25 12 18.05
25 14 144.7
25 15 121.37143
25 16 182.6118
25 18 115.942856
25 19 124.2
25 20 120.52857
25 21 145.5
25 24 56.19282
26 0 128.25
26 1 132.13
26 2 128.25
26 3 129.4
26 4 137.25
26 5 129.4
26 6 194.95
26 8 117.07273
26 9 168.4098
26 10 123.6
26 11 186.02
26 12 39.323273
26 13 199.88588
26 15 40.82135
26 16 120.05958
26 17 134.13504
26 18 18.47907
26 19 25.344187
26 20 40.82135
26 21 120.05958
26 22 134.13504
26 23 18.47907
26 24 25.344187
26 26 42.84375
26 27 46.972523
26 28 81.1
26 29 40.67143
26 30 30.742857
26 31 44.186855
26 32 148.91429
26 33 111.942856
26 34 19.573172
26 35 22.8
27 0 117.07273
27 1 186.02
27 2 39.323273
27 3 186.02
27 4 116.90897
27 5 183.73334
27 7 40.17
27 8 110.287346
27 9 161.24286
27 10 106.07183
27 11 156.06686
27 12 95.819695
27 13 160.83609
27 16 66.3
27 17 120.246666
27 18 138.2
27 19 19.3
27 20 26.6
27 21 198.728
27 23 140.82857
27 24 127.957146
27 25 127.97143
27 26 132.4
27 27 127.97143
27 28 127.957146
27 31 25.29683
27 32 25.29683
27 34 208.6
27 36 35.2
27 37 19.1
27 38 19.1
28 0 115.87384
28 1 135.42876
28 2 124.1
28 3 139.9
28 4 113.64066
28 5 159.01445
28 7 157.8
28 8 100.64
28 9 158.9448
28 10 107.07647
28 12 65.3
28 13 120.057144
28 14 140.9
28 15 39.7
28 16 26.4
28 17 124.32727
28 18 130.535
28 19 17.45
28 20 25.325
28 21 16.6
28 23 45.5
28 24 70.1
28 25 51.032257
28 26 195.92662
28 28 26.8
29 0 31.642105
29 1 71.50636
29 2 42.321053
29 3 140.8421
29 4 121.42857
29 5 31.982857
29 6 32.145714
29 7 50.37143
29 8 36.5
29 9 37.321053
29 10 18.194736
29 11 21.157143
29 12 39.914288
29 13 42.3
29 14 56.857143
29 15 24.3
29 16 28.3
29 17 56.1
29 18 35.35
29 19 33.0
29 20 31.4
29 21 39.1
29 22 31.5
29 23 19.0
29 24 19.0
29 25 15.4
29 26 19.2
29 27 15.171429
30 0 31.642105
30 1 71.50636
30 2 42.321053
30 3 140.8421
30 4 121.42857
30 5 31.982857
30 6 32.145714
30 7 50.37143
30 8 36.5
30 9 37.321053
30 10 18.194736
30 11 21.157143
30 12 39.914288
30 13 42.3
30 14 56.857143
30 15 24.3
30 16 28.3
30 17 56.1
30 18 36.3
30 19 34.0
30 20 26.4
30 21 46.05
30 22 28.95
30 23 19.2
30 24 19.2
30 25 23.0
30 26 12.3
30 27 18.8
30 28 15.171429
31 0 31.642105
31 1 71.50636
31 2 42.321053
31 3 140.8421
31 4 121.42857
31 5 31.982857
31 6 32.145714
31 7 50.37143
31 8 36.5
31 9 37.321053
31 10 18.194736
31 11 21.157143
31 12 38.073685
31 13 42.4735
31 14 56.857143
31 15 24.792307
31 16 26.255629
31 17 56.14143
31 18 40.615715
31 19 134.14929
31 20 135.44286
31 21 43.9636
31 22 31.8
31 23 20.6
31 24 20.6
31 25 25.479252
31 26 11.5152025
31 27 20.257143
31 28 16.592112
32 0 26.7
32 1 78.6
32 2 38.9
32 3 54.9
32 4 36.857143
32 5 38.1
32 6 54.771427
32 7 44.020775
32 8 33.743267
32 9 18.141176
32 10 44.020775
32 11 49.45
32 12 132.0
32 13 129.43333
32 14 43.41
32 15 34.64
32 16 30.326061
32 17 29.647112
32 18 37.31095
32 19 33.75
32 20 30.23268
32 21 41.900208
32 22 29.358572
32 23 29.358572
32 24 22.97963
32 25 19.761538
32 26 18.881819
32 27 18.685715
32 28 21.45
32 29 21.45
33 0 27.32
33 1 78.84081
33 2 38.878666
33 3 55.254665
33 4 36.88909
33 5 38.646667
33 6 50.5
33 7 42.9
33 8 34.4
33 9 18.06
33 10 43.0
33 11 38.5
33 12 23.8
33 13 21.2
33 14 46.7
33 15 55.8
33 16 31.3
33 17 30.3
33 18 37.3
33 19 29.7
33 20 49.8
33 21 147.8
33 22 110.6
33 23 19.5
33 24 179.2
33 27 14.9
33 28 16.129412
33 29 15.865334
33 30 21.898788
33 31 21.898788
34 0 41.5
34 1 213.1
34 3 58.2
34 4 42.1
34 5 59.5
34 6 22.3
34 7 37.4
34 8 53.1
34 9 18.2
34 10 41.3
34 11 38.3
34 12 39.7
34 13 30.5
34 14 35.6
34 15 42.8
34 16 30.0
34 17 36.0
34 18 32.4
34 19 39.2
34 20 32.8
34 21 28.2
34 22 35.3
34 23 33.4
34 24 33.4
34 25 32.1
34 26 18.6
34 27 20.2
34 28 17.9
34 29 14.6
34 30 6.8
35 0 27.32
35 1 78.84081
35 2 38.878666
35 3 55.254665
35 4 36.88909
35 5 38.646667
35 6 50.5
35 7 40.9
35 8 34.4
35 9 18.06
35 10 42.9
35 11 38.1
35 12 25.2
35 13 21.0
35 14 48.4
35 15 43.0
35 16 35.6
35 17 27.5
35 18 18.0
35 19 40.1
35 20 29.9
35 21 48.0
35 22 151.0
35 23 109.4
35 24 19.35
35 25 14.6
35 26 16.129412
35 27 15.865334
35 28 21.898788
35 29 21.898788
36 0 162.25333
36 1 93.11429
36 2 161.26256
36 3 106.07183
36 4 156.36029
36 5 94.678406
36 7 160.55
36 8 107.4
36 9 182.58556
36 11 124.15
36 12 119.9
36 13 116.3
36 14 149.55
36 15 149.3
36 16 108.625
36 18 55.7
36 21 56.19282
37 0 158.8
37 1 116.11429
37 2 159.96
37 3 106.185715
37 4 158.0
37 5 93.74298
37 7 163.2
37 8 104.5
37 9 181.45
37 11 130.65
37 12 126.1
37 13 129.0
37 14 131.8
37 15 129.0
37 16 126.1
37 18 8.535714
37 20 55.7
38 0 163.0
38 1 97.490906
38 2 160.1
38 3 106.07183
38 4 156.36029
38 5 94.678406
38 7 160.55
38 8 107.4
38 9 182.58556
38 11 127.13333
38 12 119.9
38 13 115.7
38 14 149.9
38 15 145.9
38 16 114.0
38 20 101.7
38 21 73.3
38 22 76.6
38 23 71.27143
38 24 77.2
38 26 61.076668
39 0 164.6
39 1 99.0
39 2 161.4
39 3 104.84615
39 4 158.83076
39 5 95.00769
39 7 162.7
39 8 104.1
39 9 182.60834
39 11 124.15
39 12 119.9
39 13 116.3
39 14 147.1
39 15 149.3
39 16 108.625
39 18 102.2
39 19 73.6
39 20 76.05
39 21 69.695
39 22 77.15
39 24 61.076668
40 0 164.6
40 1 99.0
40 2 161.4
40 3 104.84615
40 4 158.83076
40 5 95.00769
40 7 162.7
40 8 104.1
40 9 182.60834
40 11 127.13333
40 12 119.65
40 13 115.9
40 14 146.2
40 15 146.3
40 16 115.117645
40 19 101.4
40 20 73.1
40 21 76.05
40 22 69.678665
40 23 77.15
40 25 60.811428
41 0 164.18
41 1 99.1825
41 2 161.8475
41 3 105.33923
41 4 157.05
41 5 94.01875
41 7 146.6
41 8 136.6
41 9 175.26364
41 12 123.4
41 13 130.4
41 14 116.3
41 15 160.12
41 16 116.3
41 17 130.4
42 0 164.18
42 1 99.1825
42 2 161.8475
42 3 105.33923
42 4 157.05
42 5 94.01875
42 7 144.8
42 8 136.2
42 9 175.26364
42 12 125.2
42 13 122.71935
42 14 115.740906
42 15 148.78
42 16 145.46364
42 17 116.13636
43 0 164.18
43 1 99.1825
43 2 161.8475
43 3 105.33923
43 4 157.05
43 5 94.01875
43 7 144.8
43 8 136.2
43 9 175.26364
43 12 122.61731
43 13 132.3
43 14 147.2
43 15 151.9
43 16 116.6
43 17 122.71935
44 0 159.5775
44 1 104.9925
44 2 158.04333
44 3 105.63333
44 4 154.95
44 5 96.17714
44 7 157.43333
44 8 138.775
44 9 178.22917
44 12 59.6
44 13 120.4
44 14 120.8
44 15 115.5
44 16 148.78
44 17 145.16
44 18 116.1
44 22 115.7975
44 23 127.6975
44 24 77.9825
44 26 28.27628
44 27 28.27628
45 0 164.18
45 1 98.94334
45 2 161.46333
45 3 104.735
45 4 156.5
45 5 93.725
45 7 159.4
45 8 135.8
45 9 179.6
45 12 102.6
45 13 73.9
45 14 77.3
45 15 69.7
45 16 76.4
45 18 60.8
45 23 121.105
45 24 130.935
45 25 115.18
45 26 160.12
45 27 115.18
45 28 130.935
46 0 164.18
46 1 98.94334
46 2 161.46333
46 3 104.735
46 4 156.5
46 5 93.725
46 7 159.4
46 8 135.8
46 9 179.6
46 12 102.6
46 13 73.9
46 14 75.5
46 15 69.7
46 16 76.4
46 18 60.8
46 23 121.105
46 24 130.935
46 25 115.18
46 26 160.12
46 27 115.18
46 28 130.935
47 0 164.18
47 1 98.94334
47 2 161.0
47 3 104.735
47 4 156.5
47 5 93.725
47 7 156.83
47 8 132.67
47 9 177.33
47 12 100.36667
47 13 78.81
47 14 76.6
47 15 71.274284
47 16 77.7
47 18 62.6
47 23 104.5
47 24 76.38571
47 25 79.5
47 26 72.44
47 27 79.5
47 29 62.694443
47 34 121.105
47 35 130.935
47 36 115.18
47 37 160.12
47 38 115.18
47 39 130.935
48 0 164.18
48 1 98.94334
48 2 161.46333
48 3 103.675
48 4 156.375
48 5 93.675
48 7 157.175
48 8 133.97144
48 9 178.04286
48 12 107.34911
48 13 80.4968
48 14 74.94
48 15 85.914444
48 17 62.455555
48 21 121.333336
48 22 121.63333
48 23 115.5
48 24 148.78
48 25 145.16
48 26 115.6
49 0 164.18
49 1 98.94334
49 2 161.46333
49 3 103.675
49 4 156.375
49 5 93.675
49 7 157.175
49 8 133.97144
49 9 178.04286
49 12 101.53866
49 13 72.01
49 14 75.165215
49 15 69.836845
49 16 66.07549
49 21 121.333336
49 22 121.63333
49 23 115.5
49 24 148.78
49 25 145.16
49 26 115.6
50 0 164.18
50 1 98.94334
50 2 161.46333
50 3 103.675
50 4 156.375
50 5 93.675
50 7 157.175
50 8 133.1
50 9 176.9
50 12 101.1
50 13 73.9
50 14 77.3
50 15 69.7
50 16 76.4
50 18 60.8
50 23 121.333336
50 24 121.63333
50 25 115.5
50 26 148.78
50 27 145.16
50 28 115.6
51 0 164.18
51 1 98.94334
51 2 161.46333
51 3 103.675
51 4 156.375
51 5 93.675
51 7 157.175
51 8 133.1
51 9 176.9
51 12 101.1
51 13 73.9
51 14 77.3
51 15 69.7
51 16 76.4
51 18 60.8
51 23 121.333336
51 24 121.63333
51 25 115.5
51 26 148.78
51 27 145.16
51 28 115.6
52 0 164.18
52 1 98.94334
52 2 161.0
52 3 103.675
52 4 156.5
52 5 93.675
52 7 157.175
52 8 134.16667
52 9 176.9
52 12 103.3
52 14 71.3
52 15 72.0
52 16 71.8
52 17 71.6
52 21 17.4
52 22 121.333336
52 23 121.63333
52 24 115.5
52 25 148.78
52 26 145.16
52 27 115.6
53 0 164.18
53 1 98.94334
53 2 161.46333
53 3 103.675
53 4 156.375
53 5 93.675
53 7 157.175
53 8 134.16667
53 9 176.9
53 12 103.75769
53 13 74.77308
53 14 75.24
53 15 71.4
53 16 75.396774
53 18 171.7
53 24 121.333336
53 25 121.63333
53 26 115.5
53 27 148.78
53 28 145.16
53 29 115.6
54 0 163.55
54 1 100.136
54 2 161.59
54 3 105.33923
54 4 157.408
54 5 95.224
54 7 144.8
54 8 136.2
54 9 175.26364
54 12 125.2
54 13 122.71935
54 14 115.740906
54 15 148.78
54 16 145.46364
54 17 116.13636
54 22 99.8
54 23 71.8
54 24 72.1
54 25 73.6
54 26 71.15
54 28 17.0
55 0 164.18
55 1 98.94334
55 2 161.46333
55 3 103.675
55 4 156.375
55 5 93.675
55 7 157.175
55 8 133.1
55 9 176.9
55 12 103.15
55 13 74.1
55 14 74.9
55 15 70.0
55 16 75.5
55 18 67.327774
55 20 100.2875
55 21 70.365
55 22 70.695
55 23 71.85333
55 24 68.3225
55 26 18.2
55 33 121.333336
55 34 121.63333
55 35 115.5
55 36 148.78
55 37 145.16
55 38 115.6
56 0 164.18
56 1 98.94334
56 2 161.46333
56 3 103.675
56 4 156.375
56 5 93.675
56 7 155.0
56 8 134.16667
56 9 176.9
56 12 103.88461
56 13 74.77308
56 14 73.58
56 15 71.4
56 16 75.396774
56 18 171.7
56 24 121.2
56 25 126.3
56 26 116.6
56 27 151.9
56 28 147.2
56 29 132.3
57 0 163.3
57 1 98.1
57 2 161.3
57 3 104.6
57 4 157.0
57 5 104.6
57 6 71.4
57 7 73.9
57 8 77.957146
57 9 72.8
57 10 82.2
57 12 61.8
57 17 172.6
57 19 21.0
57 21 166.6
57 22 102.7
57 23 183.1
57 25 122.0
57 26 114.0
57 27 145.9
57 28 149.9
57 29 115.7
57 30 119.9
58 0 165.1
58 1 99.8
58 2 163.27142
58 3 105.3
58 4 158.1
58 5 95.6
58 7 164.0
58 8 119.55556
58 9 180.5
58 11 104.577774
58 12 159.6
58 13 101.5
58 14 160.42728
58 15 104.60555
58 16 153.89711
58 18 164.1909
58 19 103.7
58 20 182.55556
58 22 121.34286
58 23 128.6
58 24 115.9
58 25 161.4
58 26 115.9
58 27 128.6
58 31 124.3
58 32 129.7
58 33 115.2
58 34 159.5
58 35 115.2
58 36 129.7
59 0 96.47
59 1 162.0
59 2 102.0
59 3 162.0
59 4 97.0
59 5 165.49
59 8 83.0
59 9 78.0
59 10 195.0
59 13 102.14188
59 15 69.87362
59 16 73.03579
59 17 71.44956
59 18 74.17364
59 22 18.52
59 23 127.0
59 24 119.0
59 25 116.0
59 26 145.805
59 27 146.0
59 28 115.0
60 0 97.6
60 1 163.5
60 2 103.0
60 3 163.4
60 4 96.1
60 5 166.0
60 7 99.95
60 8 73.05
60 9 76.35
60 10 69.678665
60 11 77.1
60 13 60.811428
60 19 83.6
60 20 73.3
60 21 199.7
60 24 129.3
60 25 120.4
60 26 115.2
60 27 146.625
60 28 145.0
60 29 115.7
61 0 97.6
61 1 163.5
61 2 103.0
61 3 163.4
61 4 96.1
61 5 164.45714
61 7 99.8
61 8 71.8
61 9 72.1
61 10 73.6
61 11 71.15
61 13 17.35
61 18 83.6
61 19 73.3
61 20 199.7
61 23 129.3
61 24 120.4
61 25 115.2
61 26 146.01
61 27 145.0
61 28 115.7
62 0 162.25333
62 1 97.790306
62 2 158.41429
62 3 110.287346
62 4 156.1
62 5 104.1
62 7 81.75
62 8 66.4
62 9 28.55
62 11 131.896
62 12 119.64533
62 13 115.72522
62 14 146.625
62 15 145.6813
62 16 115.07867
62 20 100.84286
62 21 73.3
62 22 75.86
62 23 69.678665
62 24 77.2
62 26 61.076668
63 0 162.25333
63 1 97.790306
63 2 158.41429
63 3 110.287346
63 4 156.1
63 5 104.1
63 7 82.85
63 8 66.4
63 9 33.157776
63 11 131.896
63 12 119.64533
63 13 115.72522
63 14 146.01
63 15 145.6813
63 16 115.07867
63 20 100.84286
63 21 73.3
63 22 75.86
63 23 69.678665
63 24 77.2
63 26 60.811428
64 0 164.66335
64 1 100.90682
64 2 158.95126
64 3 130.15794
64 4 156.06686
64 5 97.790306
64 7 157.63333
64 9 105.666664
64 10 156.44838
64 12 149.7
64 13 114.1
64 14 105.2
64 15 144.9
64 16 146.7
64 17 99.1
65 0 104.14
65 1 159.44545
65 3 93.3
65 4 204.8
65 6 51.557453
65 7 73.493256
65 9 177.27765
65 11 146.82712
65 12 111.809395
65 13 21.78675
65 14 37.2
65 15 18.3
65 16 27.8
65 17 11.9
66 0 103.7
66 1 155.4
66 2 93.2
66 3 163.772
66 4 111.1
66 5 158.6
66 7 21.9
66 8 123.00714
66 9 132.33888
66 10 17.8
66 11 25.6
66 14 162.7
66 15 104.1
66 16 181.45
66 18 127.13333
66 19 114.0
66 20 145.9
66 21 149.9
66 22 115.7
66 23 119.9
67 0 158.8
67 1 116.11429
67 2 159.96
67 3 106.185715
67 4 158.0
67 5 93.74298
67 7 164.63846
67 8 104.5
67 9 181.45
67 11 121.2
67 12 126.6
67 13 115.9
67 14 161.4
67 15 115.9
67 16 126.6
67 19 8.535714
67 21 55.7
68 0 121.63333
68 32 164.18
68 1 121.333336
68 33 93.675
68 2 115.6
68 3 145.16
68 4 148.78
68 5 115.5
68 8 156.55
68 10 156.375
68 11 103.675
68 12 177.33333
68 14 133.0
68 16 98.55
68 17 74.0
68 18 73.741875
68 19 70.1
68 20 77.7
68 22 62.6
68 27 169.3
68 29 20.9
68 30 161.46333
68 31 98.94334
69 0 164.45714
69 1 96.1
69 2 163.4
69 3 101.41
69 4 163.5
69 5 97.6
69 7 195.0
69 9 78.0
69 10 83.0
69 12 127.0
69 13 119.0
69 14 116.0
69 15 145.805
69 16 146.0
69 17 115.0
69 21 102.14188
69 22 74.17364
69 23 71.44956
69 24 73.03579
69 25 69.87362
69 27 18.17
69 32 99.8
69 33 71.8
69 34 72.1
69 35 73.6
69 36 71.15
69 38 17.0
70 0 159.61667
70 1 115.95
70 2 130.2
70 3 124.933334
70 4 130.2
70 5 115.95
70 6 145.53667
70 7 116.28607
70 8 168.46
70 11 71.2
70 12 132.52667
70 13 125.16285
70 14 21.92298
70 15 114.22857
70 16 163.17143
70 17 108.07143
70 18 129.41429
70 19 114.1
70 20 162.82857
70 22 192.3
70 24 118.65
70 25 144.7
70 26 127.525
70 27 130.5
70 28 116.0
70 29 159.61667
70 30 116.0
70 31 130.5
70 34 13.7
71 0 159.61667
71 1 115.95
71 2 130.2
71 3 124.933334
71 4 130.2
71 5 115.95
71 6 145.53667
71 7 116.28607
71 8 168.46
71 11 71.2
71 12 132.52667
71 13 125.16285
71 14 22.321053
71 15 114.22857
71 16 163.17143
71 17 108.07143
71 18 129.41429
71 19 114.1
71 20 162.82857
71 22 192.3
71 24 118.65
71 25 144.7
71 26 127.525
71 27 130.5
71 28 116.0
71 29 159.61667
71 30 116.0
71 31 130.5
71 34 23.6
72 0 115.44825
72 1 149.23985
72 2 148.87325
72 3 111.81225
72 4 127.51408
72 5 123.81575
72 6 148.34
72 7 112.27
72 8 168.46
72 11 71.2
72 12 132.52667
72 13 125.16285
72 14 22.321053
72 15 114.22857
72 16 163.17143
72 17 108.07143
72 18 129.41429
72 19 114.1
72 20 162.82857
72 22 192.3
72 24 118.65
72 25 144.7
72 26 127.525
72 27 130.5
72 28 116.0
72 29 159.61667
72 30 116.0
72 31 130.5
72 34 23.6
72 36 55.7
73 0 163.17143
73 1 114.22857
73 2 162.82857
73 3 114.22857
73 4 129.41429
73 5 108.07143
73 6 192.85454
73 8 123.6
73 9 141.8
73 10 119.67
73 11 157.1775
73 12 103.185
73 13 159.0
73 14 108.2275
73 15 128.9375
73 19 22.321053
73 20 125.16285
73 21 132.52667
73 22 23.6
73 23 71.2
73 25 168.46
73 27 112.27
73 28 148.34
73 29 127.51408
73 30 123.81575
73 31 115.44825
73 32 149.23985
73 33 148.87325
73 34 111.81225
73 36 55.7
74 0 103.7
74 1 152.8
74 2 109.8
74 3 116.1
74 4 142.9
74 5 149.3
74 7 56.4
74 10 102.1
74 11 74.9
74 12 76.76667
74 13 69.678665
74 14 76.65
74 16 60.811428
75 0 147.626
75 1 115.5
75 2 106.65
75 3 149.75
75 4 99.09143
75 5 150.16951
75 7 56.16507
75 10 102.6
75 11 74.9
75 12 76.05
75 13 69.695
75 14 77.15
75 16 60.811428
76 0 165.5
76 1 106.6
76 2 164.1
76 3 111.442
76 4 135.133
76 5 107.4
76 6 181.95
76 8 132.2
76 9 114.57
76 10 186.78
76 12 161.71
76 13 124.09
76 14 147.29
76 15 119.55
76 16 21.38
76 20 56.2
77 0 160.36111
77 1 107.85381
77 2 183.5533
77 4 101.0
77 5 158.5
77 8 58.85
77 9 39.275
77 10 27.02
77 11 27.02
77 12 145.55
77 13 112.0
77 14 129.51317
77 15 126.05244
77 16 129.02162
77 17 131.8
77 18 129.02162
77 19 126.05244
78 0 160.36111
78 1 107.85381
78 2 183.5533
78 4 101.0
78 5 159.63333
78 8 39.275
78 9 27.02
78 10 27.02
78 11 145.55
78 12 112.0
78 13 129.51317
78 14 126.05244
78 15 129.02162
78 16 131.8
78 17 129.02162
78 18 126.05244
79 0 183.8
79 1 97.59154
79 2 202.55962
79 4 64.2
79 5 176.0756
79 8 52.08
79 9 36.887096
79 10 145.03154
79 11 112.8071
79 12 27.90909
79 13 27.90909
79 15 134.7
79 16 127.4
79 17 128.8
79 18 131.63333
79 19 128.8
79 20 127.4
80 0 183.8
80 1 97.59154
80 2 204.1875
80 4 45.666668
80 5 145.03154
80 6 112.8071
80 7 24.85
80 8 24.85
80 9 134.26666
80 10 126.433334
80 11 127.86667
80 12 131.4
80 13 127.86667
80 14 126.433334
81 0 112.8071
81 1 145.03154
81 2 45.666668
81 3 199.30603
81 5 183.9
81 7 97.59154
81 8 183.8
81 10 134.7
81 11 127.4
81 12 128.8
81 13 131.63333
81 14 128.8
81 15 127.4
81 16 24.85
81 17 24.85
82 0 110.6
82 1 163.8
82 3 151.5356
82 4 130.15794
82 5 150.92325
82 7 60.70435
82 8 26.121784
82 9 29.094156
82 10 78.60333
82 11 76.72554
82 12 37.409523
82 13 115.60909
82 14 137.13
82 15 18.16
82 16 25.89
82 18 51.914
82 20 168.8
82 22 20.8
82 24 146.1
82 25 105.6
83 0 97.877975
83 1 164.6
83 2 93.2
83 3 155.77676
83 4 107.02
83 5 163.07002
83 7 181.71819
83 9 121.37143
83 10 145.0
83 12 135.91429
83 13 148.40866
83 14 110.95977
83 15 128.17245
83 17 56.344
84 0 108.2
84 1 155.12195
84 2 111.25
84 3 153.6
84 4 106.07183
84 5 161.0
84 7 181.28
84 9 122.0
84 10 154.3
84 12 113.02698
84 13 115.61818
84 14 148.13333
84 15 115.375
84 17 22.1
84 18 121.0
84 19 134.0
84 20 17.8
84 21 25.6
84 23 21.2
84 24 123.1
84 25 131.81429
84 26 17.8
84 27 25.6
85 0 122.2
85 1 155.7
85 3 155.77676
85 4 107.26613
85 5 181.1067
85 7 154.89627
85 8 102.3
85 9 156.9
85 10 93.5
85 12 28.882105
85 13 74.71782
85 14 77.1
85 16 23.1
85 17 23.1
85 19 101.6
85 20 154.5
85 21 142.7
85 22 137.0
85 23 26.233334
85 24 123.53509
85 25 131.78474
85 26 17.8
85 27 25.5
85 29 62.0
86 0 38.43
86 1 72.43
86 3 38.43
86 4 26.8
86 5 30.72
86 6 29.42
86 7 29.24
86 8 29.42
86 9 29.505
86 10 29.505
86 11 29.505
86 12 29.505
86 13 29.505
86 14 29.505
86 15 29.42
86 16 29.075
86 17 29.04
86 18 28.72
86 19 32.043335
86 20 22.15
86 21 13.97
86 22 26.8
86 23 30.72
86 24 29.42
86 25 29.24
86 26 29.075
86 27 29.04
86 28 28.72
86 29 32.043335
86 30 22.15
86 31 13.97
87 0 152.35783
87 1 137.23328
87 2 142.1
87 3 144.7
87 4 121.85
87 5 108.4
87 6 175.0
87 8 115.72
87 9 154.56857
87 11 97.790306
87 12 161.18506
87 13 112.25651
87 14 128.17245
87 17 61.433334
87 19 60.86123
88 0 181.8
88 2 132.44
88 3 113.5
88 4 191.5
88 6 110.32059
88 7 133.2
88 8 111.43158
88 9 156.62857
88 10 110.655556
88 11 160.53133
88 13 21.193333
88 14 121.8
88 15 133.8
88 16 39.2
88 17 26.25
88 18 124.025
88 19 130.535
88 20 17.45
88 21 25.325
88 22 15.9
88 24 162.6
88 25 124.09
88 26 147.29
88 27 119.55
88 28 21.38
89 0 122.081665
89 1 154.56857
89 3 155.77676
89 4 109.2
89 5 173.0
89 7 149.03479
89 8 137.88077
89 9 153.89218
89 10 93.0
89 13 61.42692
89 15 61.83478
89 16 97.790306
89 17 161.18506
89 18 112.25651
89 19 128.17245
90 0 114.8
90 1 147.35715
90 3 155.74318
90 4 122.0
90 5 175.30858
90 7 115.375
90 8 148.13333
90 9 115.61818
90 10 113.02698
90 12 146.8
90 13 142.0
90 14 148.10568
90 15 106.92087
90 17 56.36883
90 20 61.1
91 0 108.0
91 1 144.4
91 2 33.366665
91 3 135.42876
91 4 111.9
91 5 187.77037
91 7 161.90282
91 8 122.84885
91 9 141.4741
91 10 125.8375
91 11 21.529535
91 13 112.36108
91 14 160.00589
91 15 100.69067
91 16 162.39691
91 19 65.3
91 20 120.057144
91 21 140.9
91 22 16.6
91 23 39.7
91 24 26.4
91 25 124.32727
91 26 130.535
91 27 17.45
91 28 25.325
92 0 147.35715
92 1 114.8
92 2 175.0
92 4 120.5
92 5 155.6
92 7 118.3
92 8 134.705
92 9 124.78375
92 10 125.9
92 11 106.92087
92 12 148.10568
92 13 142.0
92 14 146.8
92 16 61.1
92 19 56.36883
93 0 154.56857
93 1 122.0
93 2 177.1
93 4 121.3
93 5 155.78
93 7 118.06
93 8 135.55
93 9 124.78375
93 10 126.6
93 11 106.92087
93 12 147.68916
93 13 146.0
93 14 100.37013
93 17 56.099854
94 0 38.12857
94 1 71.9
94 2 38.4
94 3 74.51673
94 4 73.52
94 5 69.76986
94 9 168.0
94 11 117.068275
94 12 145.61812
94 13 127.34286
94 14 130.2
94 15 115.95
94 16 159.61667
94 17 115.95
94 18 130.2
94 21 180.6
95 0 144.4
95 1 108.0
95 2 187.77037
95 4 111.9
95 5 135.42876
95 6 33.366665
95 7 125.8375
95 8 141.4741
95 9 122.84885
95 10 161.90282
95 12 21.529535
95 13 162.39691
95 14 100.69067
95 15 160.00589
95 16 112.36108
95 18 66.84359
95 19 119.73273
95 20 137.87843
95 21 19.3
95 22 26.6
96 0 154.56857
96 1 115.72
96 2 175.0
96 4 121.85
96 5 145.0
96 7 134.675
96 8 140.1
96 9 151.83951
96 10 106.92087
96 12 56.2976
96 14 60.4
96 16 128.17245
96 17 112.25651
96 18 161.18506
96 19 97.790306
97 0 155.74318
97 1 122.0
97 2 175.30858
97 4 121.85
97 5 145.0
97 7 134.675
97 8 140.1
97 9 151.83951
97 10 106.92087
97 12 56.2976
97 14 60.4
97 16 115.375
97 17 148.13333
97 18 115.61818
97 19 113.02698
98 0 103.5
98 1 153.07231
98 3 155.6
98 4 115.87384
98 5 182.94348
98 7 137.0
98 8 145.21977
98 9 134.675
98 10 146.8
98 12 61.1
98 15 60.997326
98 16 26.233334
98 17 123.53509
98 18 131.78474
98 19 17.8
98 20 25.5
98 21 107.08182
98 22 136.44545
98 23 110.1102
98 24 161.66667
99 0 144.7
99 1 114.8
99 2 175.0
99 4 115.72
99 5 154.56857
99 7 97.790306
99 8 161.18506
99 9 112.25651
99 10 128.17245
99 12 106.92087
99 13 151.83951
99 14 145.85
99 15 142.1
99 17 61.433334
99 19 61.2
99 21 56.2976
100 0 156.375
100 1 103.675
100 2 176.9
100 4 134.16667
100 5 157.175
100 7 121.333336
100 8 115.6
100 9 145.16
100 10 148.78
100 11 115.5
100 12 121.63333
100 16 103.3
100 17 71.6
100 18 71.8
100 19 72.0
100 20 71.3
100 22 17.4
100 26 161.46333
100 27 98.94334
100 28 164.18
100 29 93.675
101 0 125.961464
101 1 111.36888
101 2 154.53131
101 3 113.64066
101 4 125.26655
101 5 151.15909
101 7 121.594475
101 8 146.09497
101 9 114.1
101 10 155.86363
101 12 188.04286
101 14 116.90897
101 15 186.02
101 16 39.323273
101 17 40.82135
101 18 120.05958
101 19 134.13504
101 20 18.47907
101 21 25.344187
101 22 40.82135
101 23 120.05958
101 24 134.13504
101 25 18.47907
101 26 25.344187
101 28 25.7
101 29 120.36129
101 30 133.59032
101 31 19.26129
101 32 23.674194
101 34 15.856779
102 0 122.2
102 1 155.7
102 3 155.66
102 4 104.0
102 5 181.9
102 7 161.24286
102 8 113.76363
102 9 158.10681
102 10 93.74298
102 12 55.995
102 13 21.445454
102 14 122.20909
102 15 130.5
102 16 17.8
102 17 25.6
102 19 101.6
102 20 154.5
102 21 142.7
102 22 137.0
102 23 26.233334
102 24 123.53509
102 25 131.78474
102 26 17.8
102 27 25.5
102 29 62.0
103 0 114.4
103 1 137.76666
103 2 44.827442
103 3 138.94016
103 4 115.87384
103 5 190.51819
103 7 160.53133
103 8 110.655556
103 9 156.62857
103 10 120.7
103 12 21.193333
103 13 121.8
103 14 133.8
103 15 39.2
103 16 26.25
103 17 124.025
103 18 130.535
103 19 17.45
103 20 25.325
103 21 15.9
103 23 44.827442
103 24 137.76666
103 25 114.4
103 26 190.51819
103 28 115.87384
103 29 141.36842
103 30 120.7
103 31 156.62857
103 32 110.655556
103 33 160.53133
103 35 21.193333
103 36 121.8
103 37 133.8
103 38 15.9
103 39 39.2
103 40 26.25
103 41 124.025
103 42 130.535
103 43 17.45
103 44 25.325
103 46 161.90282
103 47 122.84885
103 48 141.4741
103 49 125.25
103 50 21.529535
103 52 125.25
103 53 141.4741
103 54 122.84885
103 55 161.90282
103 57 21.529535
104 0 153.6
104 1 103.5
104 2 181.4
104 4 121.37143
104 5 145.21977
104 7 131.525
104 8 147.35
104 9 107.6
104 10 128.17245
104 13 162.2
104 14 99.02381
104 15 165.3
104 16 107.8
104 17 27.8
104 18 47.8
104 19 149.1
104 20 111.2
104 21 19.1
104 22 31.9
104 23 124.4
104 24 131.6
104 25 22.072727
104 26 22.072727
105 0 145.21977
105 1 136.4
105 2 136.4
105 3 147.1
105 4 115.87384
105 5 137.0
105 6 26.233334
105 7 123.53509
105 8 131.78474
105 9 17.8
105 10 25.5
105 11 182.94348
105 13 103.5
105 14 153.07231
105 16 107.08182
105 17 136.44545
105 18 110.1102
105 19 161.66667
105 24 60.997326
106 0 153.6
106 1 106.07183
106 2 181.28
106 4 122.0
106 5 154.3
106 7 113.02698
106 8 115.61818
106 9 148.13333
106 10 115.375
106 12 161.0
106 13 108.2
106 14 155.12195
106 15 111.25
106 16 21.92298
106 17 121.8
106 18 133.8
106 19 15.9
106 20 39.2
106 21 26.25
106 22 124.025
106 23 130.535
106 24 17.45
106 25 25.325
106 27 21.2
106 28 123.1
106 29 131.81429
106 30 17.8
106 31 25.6
107 0 83.85714
107 1 40.514294
107 2 45.2
107 3 37.5
107 4 60.0
107 5 176.11429
107 6 115.7
107 7 200.44409
107 9 25.7
107 10 120.36129
107 11 133.59032
107 12 19.26129
107 13 23.674194
107 15 90.7
107 16 28.9
107 17 69.2
107 18 25.6
107 20 25.6
107 21 205.1
107 23 27.6
107 24 121.4
107 25 134.0
107 26 18.05
107 27 26.15
107 28 21.78675
107 29 34.774
107 30 23.427273
107 31 124.706665
107 32 131.5
107 33 19.246666
107 34 24.153334
107 35 208.5
107 37 47.6
107 38 27.0
107 39 10.7
107 40 16.3
108 0 122.2
108 1 155.7
108 3 155.77676
108 4 104.0
108 5 181.9
108 7 161.5
108 8 111.1
108 9 163.8
108 10 93.5
108 12 21.9
108 13 123.00714
108 14 132.33888
108 15 17.8
108 16 25.6
108 18 100.37013
108 19 155.25
108 20 140.75333
108 21 129.45
108 22 27.55
108 23 123.95
108 24 131.75
108 25 17.8
108 26 25.5
109 0 155.77676
109 1 104.0
109 2 182.12
109 4 110.14
109 5 152.47
109 7 102.44
109 8 150.94
109 9 135.76
109 10 121.5
109 11 120.99
109 12 132.31
109 13 77.43
109 15 26.845
109 16 26.845
109 18 161.5
109 19 111.1
109 20 163.8
109 21 93.5
109 23 21.9
109 24 123.00714
109 25 132.33888
109 26 17.8
109 27 25.6
110 0 155.7
110 1 122.2
110 2 181.9
110 4 104.0
110 5 155.77676
110 7 93.5
110 8 163.8
110 9 111.1
110 10 161.5
110 12 21.9
110 13 123.00714
110 14 132.33888
110 15 17.8
110 16 25.6
110 18 124.1836
110 19 143.1
110 20 154.5
110 21 101.6
110 24 61.7
110 25 31.509802
110 26 42.966667
110 27 71.36667
110 28 29.366667
110 30 29.366667
111 0 114.4
111 1 137.76666
111 2 44.827442
111 3 138.94016
111 4 114.4
111 5 187.77037
111 7 162.39691
111 8 100.69067
111 9 160.00589
111 10 98.95
111 12 66.84359
111 13 119.73273
111 14 137.87843
111 15 19.3
111 16 26.6
111 18 44.827442
111 19 137.76666
111 20 114.4
111 21 190.51819
111 23 115.87384
111 24 141.36842
111 25 120.7
111 26 156.62857
111 27 110.655556
111 28 160.53133
111 30 21.193333
111 31 121.8
111 32 133.8
111 33 39.2
111 34 26.25
111 35 124.025
111 36 130.535
111 37 17.45
111 38 25.325
111 39 15.9
111 41 161.90282
111 42 122.84885
111 43 141.4741
111 44 125.25
111 45 21.529535
111 47 125.25
111 48 141.4741
111 49 122.84885
111 50 161.90282
111 52 21.529535
112 0 146.09497
112 1 115.87384
112 2 155.86363
112 3 114.1
112 4 132.4
112 5 121.594475
112 6 131.8
112 7 142.7
112 8 119.3
112 9 156.9
112 11 20.8
112 12 27.5
112 13 122.3
112 14 134.6
112 15 18.1
112 16 25.7
112 18 187.5
112 20 107.85381
112 21 156.8
112 22 39.323273
112 23 40.82135
112 24 120.05958
112 25 134.13504
112 26 18.47907
112 27 25.344187
112 28 40.82135
112 29 120.05958
112 30 134.13504
112 31 18.47907
112 32 25.344187
113 0 139.26564
113 1 115.87384
113 2 190.86
113 4 115.87384
113 5 139.26564
113 6 33.30625
113 7 134.98674
113 8 140.715
113 9 118.845
113 10 161.90282
113 12 20.348333
113 13 26.283333
113 14 123.166664
113 15 132.04333
113 16 20.953333
113 17 23.17
113 18 162.39691
113 19 102.465
113 20 160.75555
113 21 124.1836
113 22 26.233334
113 23 123.53509
113 24 131.78474
113 25 17.8
113 26 25.5
114 0 139.26564
114 1 115.87384
114 2 190.86
114 4 115.87384
114 5 139.26564
114 6 33.30625
114 7 137.22778
114 8 135.88766
114 9 124.1836
114 10 156.0
114 12 26.233334
114 13 123.53509
114 14 131.78474
114 15 17.8
114 16 25.5
114 17 16.700323
114 18 27.413937
114 19 122.748116
114 20 132.58739
114 21 18.342997
114 22 25.390518
114 23 162.39691
114 24 102.465
114 25 160.75555
114 26 124.1836
114 27 26.233334
114 28 123.53509
114 29 131.78474
114 30 17.8
114 31 25.5
115 0 41.6377
115 1 40.02069
115 2 48.43292
115 3 107.2528
115 4 48.43292
115 5 40.750736
115 6 17.951666
115 7 34.774
115 8 23.427273
115 9 124.706665
115 10 131.20667
115 11 19.246666
115 12 24.153334
115 13 212.02618
115 15 87.47949
115 17 37.61919
115 18 115.98572
115 19 137.0
115 20 21.775
115 21 21.775
115 22 212.02618
115 24 207.72858
115 26 42.4
115 27 20.8
115 28 20.8
115 30 21.78675
115 31 30.915625
115 32 122.66875
115 33 133.61304
115 34 21.9875
115 35 21.9875
116 0 177.0142
116 2 47.033638
116 3 25.757692
116 4 25.6
116 5 37.36
116 6 41.86
116 7 33.04
116 8 18.141176
116 9 55.254665
116 10 38.878666
116 11 78.84081
116 12 27.32
116 13 38.646667
116 14 37.117577
116 15 50.32
116 16 21.5
116 17 32.69516
116 18 91.73529
116 19 59.156364
116 20 37.05
116 21 148.3947
116 22 108.763794
116 23 29.753206
116 24 39.5
116 25 14.3
116 27 16.138788
116 29 21.898788
116 30 21.898788
116 31 15.92
116 32 17.817692
117 0 177.0142
117 2 44.5
117 3 35.152916
117 4 25.6
117 5 37.36
117 6 41.86
117 7 33.04
117 8 18.141176
117 9 55.254665
117 10 38.878666
117 11 78.84081
117 12 27.32
117 13 38.646667
117 14 37.117577
117 15 50.32
117 16 21.5
117 17 32.69516
117 18 91.73529
117 19 59.156364
117 20 37.05
117 21 148.3947
117 22 108.763794
117 23 37.23721
117 24 76.48112
117 26 14.3
117 28 16.138788
117 30 21.898788
117 31 21.898788
117 32 15.92
117 33 17.817692
118 0 122.081665
118 1 154.56857
118 3 152.47
118 4 110.14
118 5 178.5
118 7 121.5
118 8 135.76
118 9 150.94
118 10 102.44
118 13 77.43
118 14 132.31
118 15 120.99
118 16 26.845
118 17 26.845
118 18 97.790306
118 19 161.18506
118 20 112.25651
118 21 128.17245
119 0 110.32059
119 1 131.4806
119 2 181.8
119 4 133.2
119 5 110.32059
119 6 190.51819
119 8 160.53133
119 9 110.655556
119 10 156.62857
119 11 111.43158
119 13 21.9
119 14 123.29444
119 15 132.33888
119 16 17.8
119 17 25.6
119 19 125.324
119 20 137.37386
119 21 108.890976
119 22 155.12195
119 24 169.775
119 27 52.414288
119 28 20.047623
120 0 110.32059
120 1 131.4806
120 2 182.49667
120 4 133.97778
120 5 110.32059
120 6 188.8
120 8 155.12195
120 9 105.14
120 10 155.2
120 11 105.10333
120 13 76.5
120 14 127.638
120 15 116.038
120 16 28.0
120 17 28.0
120 19 125.324
120 20 137.37386
120 21 108.890976
120 22 155.12195
120 24 169.775
120 27 52.414288
120 28 20.047623
121 0 119.7
121 1 147.2
121 2 147.1
121 3 117.5
121 4 125.6
121 5 132.3
121 6 40.3
121 7 64.75
121 11 102.2
121 13 77.15
121 14 69.695
121 15 76.05
121 16 73.6
121 20 61.076668
122 0 130.21
122 1 130.52
122 2 116.06
122 3 156.01428
122 4 116.06
122 5 130.52
122 7 34.6272
122 8 72.2
122 10 104.4
122 12 78.1
122 13 69.7
122 14 71.5
122 15 75.1
122 19 62.32
123 0 107.6
123 1 147.35
123 2 131.525
123 3 145.0
123 4 121.37143
123 5 128.17245
123 6 181.71819
123 8 103.1
123 9 156.2
123 11 93.5
123 12 163.8
123 13 111.1
123 14 161.24286
123 16 21.9
123 17 123.00714
123 18 132.33888
123 19 17.8
123 20 25.6
124 0 97.877975
124 1 164.6
124 2 93.2
124 3 155.77676
124 4 107.02
124 5 163.07002
124 7 181.71819
124 9 121.37143
124 10 145.0
124 12 131.525
124 13 147.35
124 14 107.6
124 15 128.17245
125 0 110.1
125 1 136.2
125 2 107.0
125 3 156.35
125 4 109.0
125 5 162.1
125 7 181.71819
125 9 120.823845
125 10 154.56857
125 12 97.790306
125 13 161.18506
125 14 112.25651
125 15 128.17245
126 0 30.78
126 1 68.1
126 2 40.9
126 3 37.216797
126 4 48.286777
126 5 20.7
126 6 41.51534
126 7 53.1
126 8 17.4
126 9 35.8
126 10 38.3
126 11 39.7
126 12 30.5
126 13 35.205715
126 14 42.8
126 15 30.0
126 16 36.0
126 17 32.4
126 18 39.2
126 19 32.8
126 20 28.2
126 21 35.3
126 22 33.4
126 23 33.4
126 24 32.1
126 25 18.6
126 26 20.2
126 27 13.906505
126 28 16.592112
126 29 13.1
127 0 103.1
127 1 155.77676
127 2 95.819695
127 3 162.5
127 4 109.6
127 5 161.26666
127 7 72.0
127 8 74.5
127 9 80.3
127 10 72.5
127 11 82.5
127 13 62.9
127 20 151.0
127 21 122.0
127 22 181.28
127 24 115.375
127 25 148.13333
127 26 115.61818
127 27 113.02698
128 0 103.78
128 1 155.12
128 3 152.47
128 4 110.14
128 5 182.12
128 7 121.5
128 8 135.76
128 9 150.94
128 10 102.44
128 13 77.43
128 14 132.31
128 15 120.99
128 16 26.845
128 17 26.845
128 18 94.19
128 19 159.205
128 20 104.485
128 21 159.56
128 23 115.73
128 24 127.6975
128 25 77.9825
128 27 28.27628
128 28 28.27628
129 0 102.75714
129 1 155.77676
129 3 154.085
129 4 110.14
129 5 182.94348
129 7 121.5
129 8 145.21977
129 9 153.04517
129 10 96.91298
129 12 56.21613
129 14 76.87666
129 15 132.31
129 16 120.99
129 17 26.963333
129 18 26.963333
129 19 93.2
129 20 164.6
129 21 97.6
129 22 163.1
130 0 102.75714
130 1 155.77676
130 3 152.47
130 4 110.14
130 5 182.01
130 7 121.5
130 8 135.76
130 9 150.94
130 10 102.44
130 13 77.43
130 14 132.31
130 15 120.99
130 16 26.845
130 17 26.845
130 18 93.2
130 19 164.6
130 20 97.6
130 21 163.1
131 0 110.95977
131 1 148.36667
131 2 148.24287
131 3 110.7
131 4 137.9
131 5 120.666664
131 6 64.6
131 9 56.00375
131 11 102.6
131 13 77.15
131 14 69.695
131 15 76.05
131 16 74.9
131 20 61.076668
132 0 147.29
132 1 124.09
132 2 162.6
132 3 113.5
132 4 133.0
132 5 119.55
132 6 181.8
132 8 133.97778
132 9 110.32059
132 10 191.5
132 12 155.12195
132 13 106.82804
132 14 156.06686
132 15 105.10333
132 17 55.92287
132 18 133.66142
132 19 141.2
132 20 34.4
132 21 23.4
132 22 23.4
132 25 21.38
133 0 153.6
133 1 107.26613
133 2 158.04333
133 3 105.62727
133 4 157.51091
133 5 107.6
133 6 21.5
133 7 122.1
133 8 131.7
133 9 18.25847
133 10 25.68247
133 12 78.36909
133 13 127.15818
133 14 115.77454
133 15 27.038
133 16 27.038
133 18 181.28
133 20 121.37143
133 21 145.21977
133 23 131.525
133 24 147.35
133 25 107.6
133 26 128.17245
134 0 121.37143
134 1 147.35715
134 3 155.77676
134 4 107.02
134 5 181.71819
134 7 163.07002
134 8 97.877975
134 9 164.6
134 10 93.2
134 13 137.88077
134 14 151.47144
134 15 115.40336
134 16 128.17245
134 19 61.42692
135 0 199.88588
135 2 108.85
135 3 168.4098
135 4 123.6
135 5 186.02
135 6 39.323273
135 7 40.82135
135 8 120.05958
135 9 134.13504
135 10 18.47907
135 11 25.344187
135 12 40.82135
135 13 120.05958
135 14 134.13504
135 15 18.47907
135 16 25.344187
135 18 42.84375
135 19 46.972523
135 20 81.1
135 21 40.67143
135 22 30.742857
135 23 45.765217
135 24 146.05789
135 25 112.51579
135 26 18.875
135 28 22.8
135 30 208.6
135 32 35.2
135 33 19.1
135 34 19.1
136 0 145.21977
136 1 121.37143
136 2 181.4
136 4 102.99
136 5 156.0
136 7 104.1
136 8 156.1
136 9 95.0
136 10 161.42857
136 13 78.37
136 14 128.8
136 15 114.2
136 16 28.27628
136 17 28.27628
136 18 128.17245
136 19 107.6
136 20 147.35
136 21 131.525
137 0 138.65
137 1 96.8813
137 2 162.39691
137 3 104.7
137 4 111.15
137 5 151.8
137 7 187.77037
137 9 114.332306
137 10 131.4806
137 11 185.88489
137 13 120.085
137 14 147.747
137 15 124.09
137 16 163.213
137 18 21.38
137 21 57.0
138 0 131.4806
138 1 110.32059
138 2 188.8
138 4 110.32059
138 5 133.97778
138 6 182.49667
138 8 105.10333
138 9 155.2
138 10 105.14
138 11 155.12195
138 13 116.038
138 14 127.638
138 15 76.5
138 17 28.0
138 18 28.0
138 19 155.12195
138 20 108.890976
138 21 136.94122
138 22 128.45787
138 23 69.56379
138 25 170.8
138 27 20.933332
138 28 169.775
138 31 52.414288
139 0 39.323273
139 1 186.02
139 2 108.85
139 3 196.6
139 5 62.0
139 6 201.0
139 8 35.892
139 9 46.972523
139 10 46.972523
139 11 73.29143
139 12 29.727325
139 14 24.9748
139 15 23.971428
139 16 41.7
139 17 81.1
139 19 22.8
139 20 208.6
139 22 35.2
139 23 19.1
139 24 19.1
139 26 40.82135
139 27 120.05958
139 28 134.13504
139 29 18.47907
139 30 25.344187
139 31 40.82135
139 32 120.05958
139 33 134.13504
139 34 18.47907
139 35 25.344187
140 0 39.323273
140 1 186.02
140 2 108.85
140 3 196.6
140 5 62.0
140 6 201.0
140 8 35.892
140 9 46.972523
140 10 46.972523
140 11 73.9
140 12 29.727325
140 14 24.9748
140 15 23.971428
140 16 41.7
140 17 81.1
140 19 22.8
140 20 208.6
140 22 35.2
140 23 19.1
140 24 19.1
140 26 40.82135
140 27 120.05958
140 28 134.13504
140 29 18.47907
140 30 25.344187
140 31 40.82135
140 32 120.05958
140 33 134.13504
140 34 18.47907
140 35 25.344187
141 0 39.323273
141 1 186.02
141 2 108.85
141 3 196.6
141 5 62.0
141 6 201.0
141 8 35.892
141 9 46.972523
141 10 46.972523
141 11 73.9
141 12 29.727325
141 14 24.9748
141 15 23.971428
141 16 41.7
141 17 81.1
141 19 22.8
141 20 208.6
141 22 35.2
141 23 19.1
141 24 19.1
141 26 40.82135
141 27 120.05958
141 28 134.13504
141 29 18.47907
141 30 25.344187
141 31 40.82135
141 32 120.05958
141 33 134.13504
141 34 18.47907
141 35 25.344187
142 0 39.323273
142 1 186.02
142 2 108.85
142 3 196.6
142 5 62.0
142 6 201.0
142 8 35.892
142 9 46.972523
142 10 46.972523
142 11 73.9
142 12 29.727325
142 14 24.9748
142 15 23.971428
142 16 41.7
142 17 81.1
142 19 22.8
142 20 208.6
142 22 35.2
142 23 19.1
142 24 19.1
142 26 40.82135
142 27 120.05958
142 28 134.13504
142 29 18.47907
142 30 25.344187
142 31 40.82135
142 32 120.05958
142 33 134.13504
142 34 18.47907
142 35 25.344187
143 0 39.323273
143 1 186.02
143 2 108.85
143 3 200.44409
143 5 62.0
143 6 201.0
143 8 35.892
143 9 46.972523
143 10 46.972523
143 11 73.29143
143 12 29.727325
143 14 26.024286
143 15 23.971428
143 16 41.7
143 17 81.1
143 19 22.8
143 20 201.56485
143 22 44.3
143 23 15.595653
143 24 25.3
143 25 11.1
143 27 40.82135
143 28 120.05958
143 29 134.13504
143 30 18.47907
143 31 25.344187
143 32 40.82135
143 33 120.05958
143 34 134.13504
143 35 18.47907
143 36 25.344187
144 0 39.323273
144 1 186.02
144 2 108.85
144 3 200.44409
144 5 62.0
144 6 201.0
144 8 35.892
144 9 46.972523
144 10 46.972523
144 11 73.29143
144 12 29.727325
144 14 26.024286
144 15 23.971428
144 16 41.7
144 17 81.1
144 19 22.8
144 20 201.56485
144 22 43.54987
144 23 14.566667
144 24 26.30566
144 25 11.545283
144 27 40.82135
144 28 120.05958
144 29 134.13504
144 30 18.47907
144 31 25.344187
144 32 40.82135
144 33 120.05958
144 34 134.13504
144 35 18.47907
144 36 25.344187
145 0 39.323273
145 1 186.02
145 2 108.85
145 3 200.44409
145 5 62.0
145 6 201.0
145 8 35.892
145 9 46.972523
145 10 54.8
145 11 73.9
145 12 29.727325
145 14 26.024286
145 15 23.971428
145 16 41.7
145 17 81.1
145 19 22.8
145 20 201.56485
145 22 44.3
145 23 15.595653
145 24 25.3
145 25 11.1
145 27 40.82135
145 28 120.05958
145 29 134.13504
145 30 18.47907
145 31 25.344187
145 32 40.82135
145 33 120.05958
145 34 134.13504
145 35 18.47907
145 36 25.344187
146 0 39.323273
146 1 186.02
146 2 108.85
146 3 200.44409
146 5 62.0
146 6 201.0
146 8 35.892
146 9 46.972523
146 10 54.8
146 11 73.9
146 12 29.727325
146 14 26.024286
146 15 23.971428
146 16 41.7
146 17 81.1
146 19 22.8
146 20 201.56485
146 22 44.3
146 23 15.595653
146 24 25.3
146 25 11.1
146 27 40.82135
146 28 120.05958
146 29 134.13504
146 30 18.47907
146 31 25.344187
146 32 40.82135
146 33 120.05958
146 34 134.13504
146 35 18.47907
146 36 25.344187
147 0 117.6
147 1 184.6
147 2 40.514294
147 3 56.6
147 4 41.6377
147 5 40.02069
147 6 61.6
147 7 200.44409
147 9 211.09546
147 11 30.8
147 12 119.1
147 13 135.4
147 14 22.698
147 15 23.606
147 16 30.915625
147 17 121.75
147 18 134.0
147 19 18.05
147 20 26.15
147 21 14.1
147 22 37.2
147 23 25.1
147 24 124.2
147 25 131.5
147 26 19.246666
147 27 24.153334
147 28 212.72964
147 30 47.6
147 31 16.3
147 32 27.0
147 33 10.7
147 35 21.6
147 36 119.6
147 37 138.2
147 38 19.26129
147 39 23.674194
148 0 114.4
148 1 137.76666
148 2 44.827442
148 3 141.36842
148 4 114.4
148 5 187.77037
148 7 161.90282
148 8 122.84885
148 9 141.4741
148 10 124.4
148 11 21.529535
148 13 44.827442
148 14 137.76666
148 15 114.4
148 16 187.77037
148 18 114.4
148 19 141.36842
148 20 124.4
148 21 141.4741
148 22 122.84885
148 23 161.90282
148 25 21.529535
148 26 162.39691
148 27 100.69067
148 28 160.00589
148 29 103.975
148 31 65.3
148 32 120.057144
148 33 140.9
148 34 39.7
148 35 26.4
148 36 124.32727
148 37 130.535
148 38 17.45
148 39 25.325
148 40 16.6
148 42 103.975
148 43 160.00589
148 44 100.69067
148 45 162.39691
148 48 65.3
148 49 120.057144
148 50 140.9
148 51 39.7
148 52 26.4
148 53 124.32727
148 54 130.535
148 55 17.45
148 56 25.325
148 57 16.6
149 0 117.6
149 1 184.6
149 2 40.514294
149 3 56.6
149 4 41.6377
149 5 40.02069
149 6 61.6
149 7 200.44409
149 9 211.09546
149 11 30.8
149 12 119.1
149 13 135.4
149 14 22.698
149 15 23.606
149 16 30.915625
149 17 121.75
149 18 134.0
149 19 18.05
149 20 26.15
149 21 14.1
149 22 37.2
149 23 25.1
149 24 124.2
149 25 131.5
149 26 19.246666
149 27 24.153334
149 28 207.72858
149 30 42.4
149 31 20.8
149 32 20.8
149 34 21.6
149 35 119.6
149 36 138.2
149 37 19.26129
149 38 23.674194
150 0 112.85555
150 1 125.51053
150 2 117.7
150 3 159.1
150 4 105.7
150 5 162.06667
150 8 117.7
150 9 125.51053
150 10 130.15794
150 11 130.15794
150 12 137.31017
150 13 115.1
150 14 182.6118
150 16 161.90282
150 17 122.84885
150 18 141.4741
150 19 120.7
150 20 21.529535
150 22 137.31017
150 23 115.1
150 24 182.6118
150 26 112.85555
150 27 162.06667
150 28 105.7
150 29 159.1
150 32 161.90282
150 33 122.84885
150 34 141.4741
150 35 120.7
150 36 21.529535
151 0 112.85555
151 1 125.51053
151 2 117.7
151 3 159.1
151 4 105.7
151 5 162.06667
151 8 117.7
151 9 125.51053
151 10 130.15794
151 11 130.15794
151 12 137.31017
151 13 115.1
151 14 182.6118
151 16 161.90282
151 17 122.84885
151 18 141.4741
151 19 120.7
151 20 21.529535
151 22 137.31017
151 23 115.1
151 24 182.6118
151 26 112.85555
151 27 162.06667
151 28 105.7
151 29 159.1
151 32 161.90282
151 33 120.78
151 34 144.01819
151 35 128.45787
151 36 64.32818
152 0 40.514294
152 1 211.09546
152 3 40.514294
152 4 207.9
152 6 82.4
152 7 211.09546
152 9 46.3
152 10 50.566944
152 11 29.727325
152 12 49.855556
152 13 129.89444
152 14 135.29286
152 15 18.014286
152 16 25.785715
152 17 19.25
152 18 19.25
152 19 194.9
152 21 136.6
152 22 128.1
152 23 127.9
152 24 132.14154
152 25 127.9
152 26 128.1
152 27 136.49667
152 28 132.89421
152 29 35.18
152 30 21.61
152 31 45.3
152 32 33.1
152 33 30.65
152 34 11.5
152 35 19.3
152 36 36.028927
152 37 125.16285
152 38 138.35
152 39 14.4
152 40 141.46846
152 41 130.37692
152 42 190.89348
152 44 15.045
153 0 102.75714
153 1 155.77676
153 3 154.085
153 4 122.2
153 5 182.94348
153 7 129.45
153 8 147.07632
153 9 138.65
153 10 96.91298
153 12 57.0
153 14 27.55
153 15 123.95
153 16 131.75
153 17 17.8
153 18 25.5
153 19 93.2
153 20 164.6
153 21 97.6
153 22 163.1
154 0 154.89627
154 1 117.1
154 2 181.71819
154 4 103.1
154 5 157.0
154 7 95.819695
154 8 163.772
154 9 111.1
154 10 161.24286
154 12 21.9
154 13 123.00714
154 14 132.33888
154 15 17.8
154 16 25.6
154 18 108.4
154 19 143.96571
154 20 147.07632
154 21 118.8
154 22 25.5
154 23 124.3
154 24 136.1
154 25 41.4
154 26 26.25
154 27 124.025
154 28 130.535
154 29 17.45
154 30 25.325
154 31 16.0
155 0 75.23964
155 1 46.578667
155 2 51.635715
155 3 82.53813
155 4 139.4
155 5 135.65715
155 6 182.99197
155 8 107.2
155 9 161.1
155 11 97.790306
155 12 164.66335
155 13 97.877975
155 14 163.07002
155 17 82.53813
155 18 194.8
155 21 87.05
155 22 25.653334
155 23 25.653334
155 24 37.409523
155 25 115.98572
155 26 137.13
155 27 18.16
155 28 25.89
155 30 51.914
156 0 153.6
156 1 103.5
156 2 181.31429
156 4 119.6
156 5 145.21977
156 7 137.05586
156 8 145.21977
156 9 112.7
156 10 123.4
156 11 121.38746
156 12 129.63959
156 13 79.05
156 15 28.55
156 16 28.55
156 18 162.2
156 19 98.3
156 20 163.10715
156 21 112.00175
156 22 23.2
156 23 122.44531
156 24 133.3
156 25 18.25847
156 26 25.68247
157 0 145.81429
157 1 122.0
157 2 181.28
157 4 106.07183
157 5 156.0
157 7 110.08
157 8 157.75
157 9 112.5
157 10 161.24286
157 12 22.5
157 13 123.9
157 14 123.1
157 15 41.4
157 16 26.25
157 17 124.025
157 18 130.535
157 19 17.45
157 20 25.325
157 21 16.0
157 23 81.1
157 24 124.92667
157 25 118.46
157 26 27.038
157 27 27.038
157 28 116.0
157 29 124.2
157 30 120.52857
157 31 148.28572
158 0 182.0
158 2 121.37143
158 3 145.21977
158 5 144.2
158 6 108.0
158 7 161.24286
158 8 103.7
158 9 154.44705
158 10 131.65045
158 11 50.27246
158 12 88.23044
158 14 14.0
158 15 25.29683
158 16 25.29683
158 17 22.1
158 18 121.8
158 19 132.7
158 20 18.25847
158 21 25.68247
158 23 131.525
158 24 147.35
158 25 107.6
158 26 128.17245
159 0 135.133
159 1 111.442
159 2 186.78
159 4 114.57
159 5 132.2
159 6 181.95
159 8 119.55
159 9 147.29
159 10 124.09
159 11 161.71
159 13 21.38
159 14 162.768
159 15 100.69067
159 16 160.00589
159 17 107.327095
159 19 66.84359
159 20 119.73273
159 21 137.87843
159 22 19.3
159 23 26.6
160 0 145.81429
160 1 120.9
160 2 181.4
160 4 102.99
160 5 156.0
160 7 104.1
160 8 156.1
160 9 95.0
160 10 161.42857
160 13 78.37
160 14 128.8
160 15 114.2
160 16 28.27628
160 17 28.27628
160 18 115.9
160 19 124.2
160 20 120.52857
160 21 148.28572
161 0 114.4
161 1 137.76666
161 2 44.827442
161 3 141.36842
161 4 115.87384
161 5 190.51819
161 7 155.12195
161 8 106.82804
161 9 156.06686
161 10 112.24
161 12 55.92287
161 13 133.66142
161 14 141.2
161 15 34.4
161 16 23.4
161 17 23.4
161 19 44.827442
161 20 137.76666
161 21 114.4
161 22 190.51819
161 24 115.87384
161 25 138.94016
161 26 112.24
161 27 156.06686
161 28 106.82804
161 29 155.12195
161 31 133.66142
161 32 141.2
161 33 34.4
161 34 23.4
161 35 23.4
161 37 55.92287
161 38 161.90282
161 39 122.84885
161 40 141.4741
161 41 125.25
161 42 21.529535
161 44 125.25
161 45 141.4741
161 46 122.84885
161 47 161.90282
161 49 21.529535
162 0 133.0
162 1 113.5
162 2 191.5
162 4 110.32059
162 5 133.97778
162 6 181.8
162 8 102.3
162 9 159.42143
162 10 110.287346
162 11 160.53133
162 13 45.422466
162 14 212.59885
162 16 40.861332
162 17 18.16485
162 18 18.16485
162 20 55.814285
162 21 162.6
162 22 124.09
162 23 147.29
162 24 119.55
162 25 21.38
163 0 144.7
163 1 121.85
163 2 181.71819
163 4 107.02
163 5 155.77676
163 7 93.2
163 8 164.6
163 9 97.877975
163 10 163.07002
163 13 108.4
163 14 152.35783
163 15 137.23328
163 16 142.1
163 18 61.433334
163 20 60.86123
164 0 155.78
164 1 120.45
164 2 181.28
164 4 116.76
164 5 151.9
164 7 93.0
164 8 158.3
164 9 130.3
164 10 154.3
164 13 59.8
164 15 126.2
164 16 124.6
164 17 135.55
164 18 118.06
165 0 156.35
165 1 108.73637
165 2 181.71819
165 4 122.0
165 5 154.56857
165 7 96.91298
165 8 146.9
165 9 145.9012
165 10 108.4
165 13 56.1
165 14 161.8
165 15 110.1
165 16 136.2
165 17 107.0
166 0 119.453995
166 1 136.5
166 3 153.07231
166 4 111.75
166 5 183.44794
166 7 145.1
166 8 146.8
166 9 124.1
166 10 113.0
166 13 60.9
166 14 144.24902
166 15 117.43636
166 16 124.2
166 17 126.41421
167 0 122.0
167 1 151.0
167 3 151.0
167 4 122.0
167 5 175.2
167 7 115.375
167 8 148.13333
167 9 115.61818
167 10 113.02698
167 12 113.02698
167 13 115.61818
167 14 148.13333
167 15 115.375
168 0 111.75
168 1 149.3
168 3 155.13333
168 4 122.081665
168 5 173.0
168 7 126.486664
168 8 124.29833
168 9 135.55
168 10 117.53333
168 11 113.0
168 12 124.1
168 13 146.8
168 14 145.1
168 16 60.9
169 0 177.1
169 2 121.3
169 3 156.1
169 5 151.0
169 6 122.0
169 7 115.375
169 8 148.13333
169 9 115.61818
169 10 113.02698
169 12 118.066666
169 13 135.55
169 14 124.78375
169 15 126.6
170 0 119.453995
170 1 136.5
170 3 155.77676
170 4 109.2
170 5 183.44794
170 7 149.03479
170 8 137.88077
170 9 153.89218
170 10 93.0
170 13 61.42692
170 15 61.83478
170 16 144.24902
170 17 117.43636
170 18 124.2
170 19 126.41421
171 0 153.89711
171 1 118.1
171 2 22.337437
171 3 31.166666
171 4 74.7
171 6 37.9
171 7 22.873636
171 8 124.78451
171 9 134.61852
171 10 39.7
171 11 26.95
171 12 124.89
171 13 134.2
171 14 39.2
171 15 26.5
171 16 124.025
171 17 130.535
171 18 17.45
171 19 25.325
171 20 15.83
171 21 15.5
171 22 25.6
171 23 113.84
171 24 154.23334
171 25 115.3
171 26 131.21579
171 27 16.366667
172 1 62.68158
172 2 32.825
172 3 25.928572
172 4 29.416666
172 5 29.4
172 6 29.748781
172 7 29.42
172 8 29.505
172 9 29.505
172 10 29.505
172 11 29.505
172 12 29.505
172 13 29.505
172 14 29.42
172 15 29.075
172 16 29.04
172 17 28.72
172 18 32.043335
172 19 22.15
172 20 13.97
173 0 122.2
173 1 155.7
173 3 155.77676
173 4 104.0
173 5 181.9
173 7 161.24286
173 8 116.75
173 9 160.83609
173 10 93.5
173 12 17.166666
173 13 41.0
173 14 71.85
173 16 29.3
173 17 29.3
173 19 101.6
173 20 154.5
173 21 142.7
173 22 137.0
173 23 26.233334
173 24 123.53509
173 25 131.78474
173 26 17.8
173 27 25.5
173 29 62.0
174 0 139.26564
174 1 115.87384
174 2 191.5
174 4 115.87384
174 5 139.26564
174 6 33.366665
174 7 134.98674
174 8 140.715
174 9 118.845
174 10 161.90282
174 12 20.348333
174 13 26.283333
174 14 123.166664
174 15 132.04333
174 16 20.953333
174 17 23.17
174 18 160.53133
174 19 109.87143
174 20 155.12195
174 21 124.1836
174 22 26.233334
174 23 123.53509
174 24 131.78474
174 25 17.8
174 26 25.5
174 28 21.671429
174 29 123.1
174 30 131.81429
174 31 17.8
174 32 25.6
175 0 155.77676
175 1 102.75714
175 2 182.01
175 4 122.2
175 5 155.7
175 7 100.37013
175 8 155.25
175 9 140.75333
175 10 129.45
175 11 27.55
175 12 123.95
175 13 131.75
175 14 17.8
175 15 25.5
175 18 163.1
175 19 97.6
175 20 164.6
175 21 93.2
176 0 155.77676
176 1 116.76
176 2 182.6118
176 4 107.02
176 5 156.35
176 7 107.0
176 8 136.2
176 9 110.53636
176 10 161.8
176 12 155.2
176 13 133.0
176 14 158.3
176 15 93.0
176 18 59.8
177 0 140.9
177 1 107.26613
177 2 181.28
177 4 122.0
177 5 155.74318
177 7 113.02698
177 8 115.61818
177 9 148.13333
177 10 115.375
177 12 161.66667
177 13 118.751625
177 14 115.5
177 15 150.63042
177 17 56.016655
178 0 114.3
178 1 149.8
178 3 149.8
178 4 114.3
178 5 174.6
178 7 145.1
178 8 146.8
178 9 124.1
178 10 113.0
178 13 60.9
178 14 113.0
178 15 124.1
178 16 146.8
178 17 145.1
178 19 60.9
179 1 144.7
179 2 114.8
179 3 175.30858
179 5 122.0
179 6 155.74318
179 7 113.02698
179 8 115.61818
179 9 148.13333
179 10 115.375
179 12 106.92087
179 13 151.83951
179 14 145.85
179 15 142.1
179 17 61.433334
179 19 61.2
179 21 56.2976
180 0 111.75
180 1 155.77676
180 3 156.35
180 4 103.5
180 5 182.6118
180 7 161.8
180 8 110.53636
180 9 136.2
180 10 107.0
180 12 93.0
180 13 153.89218
180 14 137.88077
180 15 149.03479
180 17 61.83478
180 19 61.42692
181 0 155.77676
181 1 107.02
181 2 181.71819
181 4 121.37143
181 5 147.35715
181 7 131.1
181 8 143.2
181 9 110.95977
181 10 128.17245
181 12 77.7
181 13 80.3
181 15 61.633335
181 17 126.7
181 18 111.7
181 19 147.8
181 20 147.3
181 21 115.4
181 22 120.7
181 25 56.222
181 26 163.07002
181 27 97.877975
181 28 164.6
181 29 93.2
182 0 121.37143
182 1 145.21977
182 3 156.2
182 4 103.1
182 5 181.71819
182 7 162.8
182 8 108.622856
182 9 165.6
182 10 95.819695
182 12 45.1
182 13 40.4
182 14 41.225
182 15 44.625
182 16 41.933334
182 17 148.06621
182 18 109.961205
182 19 20.534147
182 20 26.85
182 21 26.85
182 23 153.47421
182 24 149.5
182 25 117.794075
182 26 127.862946
183 0 139.25636
183 1 197.9
183 3 110.2
183 4 156.4
183 5 96.3318
183 6 165.4
183 7 96.3318
183 8 156.4
183 11 55.5
183 13 108.35
183 14 159.66
183 15 107.54
183 16 159.66
183 17 108.35
184 0 144.34
184 1 198.96
184 3 109.41
184 4 163.68
184 5 96.13
184 6 166.29
184 7 95.68
184 8 159.79
184 10 108.25
184 12 86.68
184 13 78.07429
184 14 83.14
184 17 63.6
184 20 56.4
184 22 108.35
184 23 159.66
184 24 107.54
184 25 159.66
184 26 108.35
185 0 155.7
185 1 108.73637
185 2 181.71819
185 4 121.85
185 5 147.35715
185 7 137.56624
185 8 137.23328
185 9 151.83951
185 10 106.92087
185 12 56.2976
185 14 77.503334
185 15 80.0
185 17 60.513332
185 19 121.17769
185 20 147.07632
185 21 148.42976
185 22 113.751854
185 23 129.03117
185 24 123.6
185 26 56.103405
185 28 161.8
185 29 110.1
185 30 137.1
185 31 107.3
186 0 155.7
186 1 108.73637
186 2 181.71819
186 4 121.85
186 5 147.35715
186 7 137.56624
186 8 137.23328
186 9 151.83951
186 10 106.92087
186 12 56.2976
186 14 77.503334
186 15 80.0
186 17 60.513332
186 19 121.17769
186 20 159.7
186 21 96.91298
186 22 146.9
186 23 140.5
186 24 114.9
186 27 56.1
186 29 56.3
186 30 161.8
186 31 110.1
186 32 137.1
186 33 107.3
187 0 155.7
187 1 108.73637
187 2 181.71819
187 4 121.85
187 5 147.35715
187 7 137.56624
187 8 137.23328
187 9 151.83951
187 10 106.92087
187 12 56.2976
187 14 76.34286
187 15 78.21429
187 17 60.513332
187 19 125.97143
187 20 105.442856
187 21 147.95
187 22 136.1
187 23 147.95
187 24 105.442856
187 26 56.15
187 29 56.15
187 30 161.8
187 31 110.1
187 32 137.1
187 33 107.3
188 0 153.07231
188 1 106.07183
188 2 183.44794
188 4 121.85
188 5 147.35715
188 7 137.56624
188 8 137.23328
188 9 151.83951
188 10 106.92087
188 12 56.2976
188 14 81.80909
188 15 78.21429
188 17 61.046665
188 19 130.09218
188 20 105.291306
188 21 148.4842
188 22 136.1
188 23 148.4842
188 24 105.291306
188 26 56.15
188 29 56.15
188 30 158.925
188 31 102.95
188 32 134.21428
188 33 107.08182
188 35 55.825
189 0 155.77676
189 1 107.02
189 2 181.71819
189 4 121.37143
189 5 147.35715
189 7 131.1
189 8 143.2
189 9 110.95977
189 10 128.17245
189 12 76.8
189 13 78.1
189 15 59.9
189 17 125.8
189 18 105.5
189 19 149.6
189 20 138.55
189 21 149.6
189 22 105.5
189 24 56.273335
189 27 56.273335
189 28 163.07002
189 29 97.877975
189 30 164.6
189 31 93.2
190 0 131.81
190 1 184.9967
190 3 109.4
190 4 164.7
190 5 94.4
190 6 165.9
190 7 94.4
190 8 164.7
190 12 156.06686
190 13 113.02698
190 14 115.61818
190 15 148.13333
190 16 115.375
190 19 102.14286
190 21 77.25
190 22 69.695
190 23 76.1
190 24 74.06
190 28 61.076668
191 0 153.07231
191 1 106.07183
191 2 183.44794
191 4 121.85
191 5 147.35715
191 7 137.56624
191 8 137.23328
191 9 151.83951
191 10 106.92087
191 12 56.2976
191 14 78.6
191 15 80.3
191 17 61.633335
191 19 131.11707
191 20 111.7
191 21 147.8
191 22 147.3
191 23 115.4
191 24 119.74178
191 27 56.222
191 28 158.925
191 29 102.95
191 30 134.21428
191 31 107.08182
191 33 55.825
192 0 156.2
192 1 103.1
192 2 181.71819
192 4 121.37143
192 5 147.35715
192 7 137.88077
192 8 151.47144
192 9 115.40336
192 10 128.17245
192 13 61.42692
192 14 161.24286
192 15 111.1
192 16 163.8
192 17 93.5
192 19 21.9
192 20 123.00714
192 21 132.33888
192 22 17.8
192 23 25.6
193 0 107.26613
193 1 153.6
193 3 156.06686
193 4 110.14
193 5 184.9
193 7 121.5
193 8 135.76
193 9 150.47
193 10 100.37013
193 13 77.43
193 14 132.31
193 15 120.99
193 16 26.845
193 17 26.845
193 18 112.00175
193 19 163.10715
193 20 99.02381
193 21 163.07002
193 24 23.2
193 25 122.44531
193 26 133.3
193 27 18.25847
193 28 25.68247
194 0 121.37143
194 1 147.35715
194 3 156.2
194 4 103.1
194 5 181.71819
194 7 162.8
194 8 108.622856
194 9 165.6
194 10 95.819695
194 12 45.1
194 13 40.4
194 14 41.225
194 15 44.625
194 16 41.933334
194 17 148.06621
194 18 109.961205
194 19 20.534147
194 20 26.85
194 21 26.85
194 23 137.88077
194 24 151.47144
194 25 115.40336
194 26 128.17245
194 29 61.42692
195 0 153.6
195 1 103.5
195 2 181.4
195 4 121.37143
195 5 145.21977
195 7 131.525
195 8 147.35
195 9 107.6
195 10 128.17245
195 13 162.2
195 14 99.02381
195 15 165.3
195 16 107.8
195 17 27.8
195 18 47.8
195 19 33.090477
195 20 123.1
195 21 134.66667
195 22 39.116665
195 23 26.35
195 24 124.025
195 25 130.535
195 26 17.45
195 27 25.325
195 28 14.7
195 29 149.1
195 30 111.2
195 31 19.1
196 0 103.3
196 1 161.8
196 2 99.5
196 3 137.9
196 4 107.1
196 5 156.1
196 7 153.8
196 8 108.4
196 9 132.9
196 10 126.0
196 11 24.2
196 12 158.8
196 13 98.5
196 14 163.2
196 17 117.3
196 18 122.433334
196 19 81.1
196 21 28.466667
196 22 28.466667
196 24 55.6
197 0 161.24286
197 1 108.2
197 2 155.8
197 3 110.287346
197 4 154.89627
197 5 104.1
197 6 198.9
197 8 140.3
197 9 128.2
197 10 127.97143
197 11 132.4
197 12 127.97143
197 13 128.2
197 15 77.1
197 16 74.71782
197 17 33.157776
197 19 23.1
197 20 23.1
197 22 21.2
197 23 123.1
197 24 131.81429
197 25 17.8
197 26 25.6
198 0 163.10435
198 1 119.453995
198 2 128.63226
198 3 125.75
198 4 155.23
198 5 103.7
198 6 22.1
198 7 121.8
198 8 132.7
198 9 18.25847
198 10 25.68247
198 12 89.0
198 13 71.7
198 14 24.2
198 15 24.2
198 17 30.576923
198 18 198.46666
198 20 138.04
198 21 129.16
198 22 128.46
198 23 132.4
198 24 128.46
198 25 129.16
199 0 161.24286
199 1 108.2
199 2 158.7
199 3 103.9
199 4 160.8
199 5 104.1
199 6 198.9
199 8 140.3
199 9 128.2
199 10 127.97143
199 11 132.4
199 12 127.97143
199 13 128.2
199 15 91.0
199 16 71.0
199 17 24.7
199 18 24.7
199 20 27.0
199 22 21.2
199 23 123.1
199 24 131.81429
199 25 17.8
199 26 25.6
200 0 161.2
200 1 104.8
200 2 160.91429
200 3 110.3
200 4 153.89711
200 5 103.7
200 6 22.1
200 7 121.8
200 8 132.7
200 9 18.25847
200 10 25.68247
200 12 169.64107
200 14 35.213333
200 15 40.0
200 16 137.3125
200 17 127.15
200 18 128.7
200 19 126.8
200 20 128.7
200 21 127.15
200 23 197.2
200 25 140.1
200 26 127.7
200 27 129.3
200 28 132.4
200 29 129.3
200 30 127.7
201 0 161.24286
201 1 109.87143
201 2 154.63876
201 3 113.58679
201 4 154.89627
201 5 104.1
201 6 198.9
201 8 140.3
201 9 128.2
201 10 127.97143
201 11 132.4
201 12 127.97143
201 13 128.2
201 15 169.64107
201 17 35.213333
201 18 40.0
201 19 137.3125
201 20 127.15
201 21 128.7
201 22 127.5
201 23 128.7
201 24 127.15
201 26 21.671429
201 27 123.1
201 28 131.81429
201 29 17.8
201 30 25.6
202 0 145.21977
202 1 107.26613
202 2 182.6118
202 4 107.02
202 5 155.7
202 7 107.3
202 8 136.44545
202 9 110.53636
202 10 161.8
202 12 163.07002
202 13 99.81
202 14 158.2
202 15 137.88077
202 17 61.42692
203 0 108.73637
203 1 155.7
203 3 145.0
203 4 121.37143
203 5 181.71819
203 7 128.17245
203 8 110.95977
203 9 148.40866
203 10 135.91429
203 13 56.344
203 14 107.3
203 15 137.1
203 16 110.1
203 17 161.8
204 0 108.73637
204 1 156.35
204 3 151.0
204 4 122.0
204 5 181.31429
204 7 105.6
204 8 155.9
204 9 123.6
204 10 119.3
204 12 55.7
204 13 107.0
204 14 136.2
204 15 110.1
204 16 161.8
205 0 109.0
205 1 156.4
205 3 156.3
205 4 120.7
205 5 182.3
205 7 126.1
205 8 124.6
205 9 134.975
205 10 117.9
205 11 107.0
205 12 136.2
205 13 110.1
205 14 162.1
206 0 121.3
206 1 155.78
206 3 150.1
206 4 122.0
206 5 177.1
206 7 105.7
206 8 143.9
206 9 151.24274
206 10 96.91298
206 12 56.19737
206 14 56.00375
206 15 118.06
206 16 135.55
206 17 124.78375
206 18 126.6
207 0 121.3
207 1 156.1
207 3 151.0
207 4 122.0
207 5 177.1
207 7 105.6
207 8 155.9
207 9 123.6
207 10 119.3
207 12 55.7
207 13 118.066666
207 14 135.55
207 15 124.78375
207 16 126.6
208 0 46.7
208 1 39.4
208 2 58.9
208 3 198.3
208 4 116.5
208 5 193.5
208 7 69.0
208 8 48.3
208 9 24.7
208 10 24.7
208 11 26.6
208 12 119.8
208 13 135.0
208 14 18.3
208 15 26.0
208 16 207.9
208 18 197.9
208 20 137.3
208 21 129.6
208 22 128.25
208 23 132.13
208 24 128.25
208 25 129.6
208 27 31.2
208 28 120.9
208 29 135.0
208 30 18.4
208 31 26.2
208 32 29.4
208 33 124.8
208 34 133.525
208 35 21.9875
208 36 21.9875
209 0 155.6
209 1 120.5
209 2 175.0
209 4 114.8
209 5 147.35715
209 7 137.56624
209 8 137.23328
209 9 151.83951
209 10 106.92087
209 12 56.2976
209 14 76.34286
209 15 78.21429
209 17 60.513332
209 19 125.97143
209 20 105.442856
209 21 147.95
209 22 136.1
209 23 147.95
209 24 105.442856
209 26 56.15
209 29 56.15
209 30 125.9
209 31 124.78375
209 32 134.705
209 33 118.3
210 0 146.09497
210 1 114.1
210 2 193.7
210 4 121.75445
210 5 176.2
210 6 39.323273
210 7 40.82135
210 8 120.05958
210 9 134.13504
210 10 18.47907
210 11 25.344187
210 12 40.82135
210 13 120.05958
210 14 134.13504
210 15 18.47907
210 16 25.344187
210 18 87.05
210 19 42.366665
210 20 14.766666
210 21 25.653334
210 22 25.653334
210 23 159.01445
210 24 109.1
210 25 133.4044
210 26 121.594475
210 27 118.6175
210 28 136.4
210 29 110.3
210 30 153.1
210 32 21.4
211 0 115.87384
211 1 141.6104
211 2 121.594475
211 3 132.4
211 4 114.1
211 5 155.86363
211 7 156.9
211 8 119.3
211 9 142.7
211 10 131.8
211 11 27.5
211 12 122.3
211 13 134.6
211 14 18.1
211 15 25.7
211 16 20.8
211 18 40.514294
211 19 43.14954
211 20 74.73
211 21 39.323273
211 22 40.696064
211 23 196.94286
211 25 215.09943
211 27 25.29683
211 28 25.29683
211 30 36.028927
211 31 118.73333
211 32 135.2889
211 33 20.116522
211 34 24.985218
212 0 183.73334
212 2 117.07273
212 3 184.6
212 4 48.43292
212 5 176.11429
212 6 116.90897
212 7 42.84375
212 8 46.972523
212 9 81.1
212 10 40.67143
212 11 30.742857
212 12 44.186855
212 13 146.05789
212 14 112.51579
212 15 19.1
212 17 22.8
212 19 86.96957
212 20 26.3
212 21 71.70909
212 22 25.286364
212 23 25.286364
212 25 21.78675
212 27 201.56485
212 29 44.3
212 30 14.566667
212 31 26.30566
212 32 11.545283
213 0 29.727325
213 1 62.0
213 2 35.892
213 3 46.972523
213 4 46.972523
213 5 73.29143
213 6 26.024286
213 8 23.971428
213 9 41.7
213 10 81.1
213 11 22.8
213 13 200.44409
213 15 108.85
213 16 184.6
213 17 40.514294
213 18 211.2
213 20 36.028927
213 21 118.73333
213 22 135.2889
213 23 20.116522
213 24 24.985218
213 25 21.78675
213 27 201.56485
213 29 43.54987
213 30 14.566667
213 31 26.30566
213 32 11.545283
214 0 155.77676
214 1 107.02
214 2 181.71819
214 4 121.37143
214 5 147.35715
214 7 131.1
214 8 143.2
214 9 110.95977
214 10 128.17245
214 12 76.8
214 13 78.1
214 15 59.9
214 17 125.8
214 18 105.5
214 19 149.6
214 20 138.55
214 21 149.6
214 22 105.5
214 24 56.273335
214 27 56.273335
214 28 162.9
214 29 97.15
214 30 167.73714
214 31 93.01714
214 33 56.4
215 0 155.6
215 1 120.5
215 2 175.0
215 4 114.8
215 5 147.35715
215 7 137.56624
215 8 137.23328
215 9 151.83951
215 10 106.92087
215 12 56.2976
215 14 76.9
215 15 80.0
215 17 60.513332
215 19 126.7
215 20 120.7
215 21 115.4
215 22 147.3
215 23 147.8
215 24 111.7
215 26 55.7
215 28 125.9
215 29 124.78375
215 30 134.705
215 31 118.3
216 0 113.02698
216 1 157.7
216 2 122.2
216 3 129.58017
216 4 161.6782
216 5 113.02698
216 7 88.3
216 8 28.0
216 9 61.5
216 10 47.4
216 12 66.4
216 14 182.94348
216 16 103.5
216 17 153.07231
216 19 107.08182
216 20 136.44545
216 21 110.1102
216 22 161.66667
217 0 40.514294
217 1 35.892
217 2 50.566944
217 3 40.696064
217 4 40.514294
217 5 97.76035
217 7 71.1664
217 8 39.323273
217 9 25.29683
217 10 25.29683
217 12 211.09546
217 14 40.514294
217 15 211.09546
217 17 46.3
217 18 19.25
217 19 19.25
217 20 194.9
217 22 136.6
217 23 128.1
217 24 127.9
217 25 132.14154
217 26 127.9
217 27 128.1
217 28 36.028927
217 29 118.73333
217 30 135.2889
217 31 20.116522
217 32 24.985218
217 33 36.028927
217 34 118.73333
217 35 135.2889
217 36 20.116522
217 37 24.985218
218 0 78.6
218 1 48.15
218 2 43.0
218 3 37.5
218 4 60.0
218 5 176.11429
218 6 115.7
218 7 190.1
218 9 25.7
218 10 120.36129
218 11 133.59032
218 12 19.26129
218 13 23.674194
218 15 90.7
218 16 28.9
218 17 69.2
218 18 25.6
218 19 25.6
218 21 211.09546
218 23 27.9
218 24 122.5
218 25 133.6
218 26 17.8
218 27 25.9
218 28 19.625
218 29 19.625
218 30 193.33333
218 32 136.65
218 33 128.25
218 34 128.0
218 35 132.14154
218 36 128.0
218 37 128.25
219 0 44.466667
219 1 40.526318
219 2 61.6
219 3 200.44409
219 5 117.6
219 6 176.11429
219 7 72.5
219 8 48.7
219 9 20.65
219 10 20.65
219 11 193.2
219 13 137.3
219 14 128.7
219 15 128.1
219 16 132.14154
219 17 128.1
219 18 128.7
219 19 211.09546
219 22 92.6
219 23 26.2
219 24 72.1
219 25 25.25
219 26 25.25
219 28 30.8
219 29 119.1
219 30 135.4
219 31 22.698
219 32 23.606
219 33 28.233334
219 34 123.166664
219 35 133.525
219 36 21.9875
219 37 21.9875
220 0 43.8
220 1 48.1
220 2 79.2
220 3 188.0
220 5 117.6
220 6 176.2
220 7 55.9
220 8 39.6
220 9 27.6
220 10 118.4
220 11 135.4
220 12 22.1
220 13 22.1
220 14 206.5
220 17 92.6
220 18 26.2
220 19 72.1
220 20 25.25
220 21 25.25
220 23 193.4
220 25 136.65
220 26 128.25
220 27 127.9
220 28 132.14154
220 29 127.9
220 30 128.25
220 31 19.625
220 32 19.625
220 33 28.9
220 34 122.35
220 35 133.6
220 36 17.8
220 37 25.9
221 0 69.0
221 1 48.3
221 2 43.0
221 3 37.5
221 4 60.0
221 5 176.11429
221 6 119.1
221 7 193.5
221 9 192.0
221 11 137.2
221 12 129.2
221 13 128.25
221 14 132.13
221 15 128.25
221 16 129.2
221 18 90.7
221 19 28.9
221 20 69.2
221 21 25.6
221 22 25.6
221 24 211.34546
221 26 27.9
221 27 122.5
221 28 133.525
221 29 21.9875
221 30 21.9875
221 31 24.7
221 32 24.7
221 33 26.6
221 34 119.8
221 35 135.0
221 36 18.3
221 37 26.0
222 0 40.514294
222 1 207.9
222 3 61.6
222 4 211.09546
222 6 40.514294
222 7 211.09546
222 9 46.3
222 10 50.566944
222 11 35.892
222 12 55.54526
222 13 63.62857
222 15 58.8675
222 16 22.10375
222 17 22.10375
222 18 19.25
222 19 19.25
222 20 194.9
222 22 136.6
222 23 128.1
222 24 127.9
222 25 132.14154
222 26 127.9
222 27 128.1
222 28 35.15143
222 29 118.32143
222 30 135.21428
222 31 22.698
222 32 23.606
222 33 36.028927
222 34 118.73333
222 35 135.2889
222 36 20.116522
222 37 24.985218
223 0 26.75
223 1 76.25
223 2 37.6
223 3 40.2
223 4 35.85449
223 5 35.9
223 6 53.782104
223 7 134.9425
223 8 122.768
223 9 24.4
223 10 22.2675
223 11 30.556932
223 12 26.604166
223 13 125.8
223 14 134.9692
223 15 40.1
223 16 26.95
223 17 124.89
223 18 134.2
223 19 39.2
223 20 26.5
223 21 124.025
223 22 130.535
223 23 17.45
223 24 25.325
223 25 15.83
223 26 15.5725
223 27 15.19283
223 28 25.525
223 29 25.525
224 0 114.3
224 1 149.3
224 3 156.35
224 4 103.5
224 5 182.6118
224 7 161.8
224 8 110.53636
224 9 136.2
224 10 107.0
224 12 113.0
224 13 124.1
224 14 146.8
224 15 145.1
224 17 60.9
225 0 154.89627
225 1 102.99
225 2 181.31429
225 4 122.0
225 5 156.06686
225 7 100.37013
225 8 151.18
225 9 145.40164
225 10 108.4
225 13 162.2
225 14 98.042854
225 15 162.84285
225 16 108.09333
225 17 73.65
225 18 71.05
225 19 79.0
225 20 70.8
225 21 81.4
225 23 61.85
226 0 143.115
226 1 107.74
226 2 192.8
226 4 112.75
226 5 140.555
226 6 61.1
226 8 131.325
226 9 147.545
226 10 118.99
226 11 160.555
226 13 20.595
226 14 25.725
226 15 123.55
226 16 132.04333
226 17 20.953333
226 18 23.17
226 19 163.98
226 20 102.465
226 21 164.425
226 22 122.03
226 23 25.545
226 24 123.445
226 25 131.47667
226 26 17.8
226 27 25.5
227 0 143.115
227 1 115.87384
227 2 191.5
227 4 112.75
227 5 140.555
227 6 72.666664
227 8 131.325
227 9 147.545
227 10 118.99
227 11 160.555
227 13 20.595
227 14 25.725
227 15 123.55
227 16 132.04333
227 17 20.953333
227 18 23.17
227 19 160.53133
227 20 109.87143
227 21 155.12195
227 22 124.1836
227 23 26.233334
227 24 123.53509
227 25 131.78474
227 26 17.8
227 27 25.5
227 29 21.671429
227 30 123.1
227 31 131.81429
227 32 17.8
227 33 25.6
228 0 135.5
228 1 114.6
228 2 191.1
228 4 110.1
228 5 136.3
228 6 68.2
228 8 50.0
228 9 119.8
228 10 167.0
228 11 98.0
228 12 165.5
228 15 91.6
228 16 28.0
228 17 71.7
228 18 25.3
228 20 25.3
228 21 160.7
228 22 120.0
228 23 148.0
228 24 131.9
228 25 27.4
228 26 122.4
228 27 132.04333
228 28 20.953333
228 29 23.17
228 30 20.8
229 0 142.7
229 1 119.3
229 2 156.9
229 3 114.1
229 4 132.4
229 5 131.8
229 6 27.5
229 7 122.3
229 8 134.6
229 9 18.1
229 10 25.7
229 11 121.6
229 12 132.5
229 13 105.1
229 14 167.0
229 16 187.7
229 18 123.7
229 19 154.9
229 20 179.5
229 23 22.1
229 24 119.25714
229 25 134.01819
229 26 19.26129
229 27 23.674194
229 29 20.8
230 0 107.85381
230 1 157.1494
230 2 40.696064
230 3 26.180555
230 4 41.6377
230 5 40.514294
230 6 83.85714
230 7 202.66866
230 9 215.09943
230 11 208.5
230 13 47.6
230 14 27.0
230 15 10.7
230 16 16.3
230 17 21.78675
230 18 34.774
230 19 23.12
230 20 124.1
230 21 134.9692
230 22 15.5725
230 23 39.5
230 24 26.5
230 25 124.025
230 26 130.535
230 27 17.45
230 28 25.325
230 29 30.915625
230 30 122.66875
230 31 133.61304
230 32 21.9875
230 33 21.9875
231 0 107.85381
231 1 157.1494
231 2 40.696064
231 3 26.180555
231 4 41.6377
231 5 40.514294
231 6 83.85714
231 7 202.66866
231 9 212.72964
231 11 206.7
231 13 42.4
231 14 20.8
231 15 20.8
231 16 21.78675
231 17 34.774
231 18 23.12
231 19 124.1
231 20 134.9692
231 21 15.5725
231 22 39.5
231 23 26.5
231 24 124.025
231 25 130.535
231 26 17.45
231 27 25.325
231 28 30.915625
231 29 122.66875
231 30 133.61304
231 31 21.9875
231 32 21.9875
232 0 154.89627
232 1 111.843864
232 2 29.38421
232 3 40.2
232 4 80.285
232 6 23.717354
232 7 35.2
232 8 23.4
232 9 124.78451
232 10 134.61852
232 11 16.974073
232 12 35.6
232 13 26.5
232 14 124.025
232 15 130.535
232 16 17.45
232 17 25.325
232 18 30.897356
232 19 122.45037
232 20 133.81645
232 21 18.79613
232 22 26.009033
232 23 160.83609
232 24 99.02381
232 25 163.07002
232 26 107.26613
232 27 200.95358
232 29 46.244
232 30 16.532
232 31 26.936
232 32 11.82
233 0 116.76
233 1 153.07231
233 3 136.5
233 4 121.37143
233 5 181.71819
233 7 115.942856
233 8 124.2
233 9 117.43636
233 10 144.24902
233 12 113.0
233 13 123.9
233 14 137.3
233 15 143.5
234 0 162.5
234 1 98.0
234 2 161.3
234 3 105.03636
234 4 156.44
234 5 103.6
234 6 73.65
234 7 71.05
234 8 78.6
234 9 70.4
234 10 81.5
234 12 61.4
234 18 158.81667
234 19 107.85381
234 20 180.54143
234 22 34.941345
234 23 19.661129
234 24 19.661129
235 0 161.42857
235 1 102.99
235 2 154.89627
235 3 109.538666
235 4 161.6782
235 5 96.44058
235 7 80.18467
235 8 78.02359
235 10 148.99968
235 11 110.95977
235 12 128.17245
235 13 121.37143
235 14 145.21977
235 15 135.91429
235 18 156.0
235 19 102.99
235 20 181.4
235 22 161.42857
235 23 95.0
235 24 156.1
235 25 104.1
235 26 114.2
235 27 128.8
235 28 78.37
235 30 28.27628
235 31 28.27628
235 33 71.975
235 34 25.7275
235 35 25.7275
235 38 145.21977
235 39 121.37143
235 40 181.4
235 42 128.17245
235 43 107.6
235 44 147.35
235 45 131.525
236 0 159.96
236 1 106.07183
236 2 158.04333
236 3 105.62727
236 4 154.89627
236 5 114.87678
236 6 8.64836
236 8 78.805305
236 9 127.15818
236 10 115.77454
236 11 27.484194
236 12 27.484194
236 14 198.728
236 16 140.82857
236 17 127.957146
236 18 127.97143
236 19 132.4
236 20 127.97143
236 21 127.957146
237 0 159.96
237 1 114.87678
237 2 159.68246
237 3 106.82804
237 4 152.51988
237 5 106.07183
237 6 198.728
237 8 140.82857
237 9 127.957146
237 10 127.97143
237 11 132.4
237 12 127.97143
237 13 127.957146
237 15 77.833336
237 16 128.79231
237 17 116.20091
237 18 28.0
237 19 28.0
237 21 8.64836
238 0 117.07273
238 1 186.02
238 2 39.323273
238 3 186.02
238 4 116.90897
238 5 183.73334
238 7 40.17
238 8 110.287346
238 9 151.2
238 10 106.82804
238 11 153.89711
238 12 104.0
238 13 161.24286
238 15 209.55429
238 17 40.381428
238 18 18.69143
238 19 18.69143
238 21 78.805305
238 22 128.79231
238 23 116.20091
238 24 27.484194
238 25 27.484194
238 28 25.29683
238 29 25.29683
238 31 208.6
238 33 35.2
238 34 19.1
238 35 19.1
239 0 79.2
239 1 48.1
239 2 43.8
239 3 39.6
239 4 55.9
239 5 176.2
239 6 117.6
239 7 188.0
239 9 26.2
239 10 92.6
239 12 72.1
239 13 25.25
239 15 25.25
239 16 206.5
239 18 27.6
239 19 118.4
239 20 135.4
239 21 22.1
239 22 22.1
239 23 28.9
239 24 122.35
239 25 133.6
239 26 17.8
239 27 25.9
239 28 19.625
239 29 19.625
239 30 193.4
239 32 136.65
239 33 128.25
239 34 127.9
239 35 132.14154
239 36 127.9
239 37 128.25
240 0 79.2
240 1 48.1
240 2 43.8
240 3 39.6
240 4 55.9
240 5 176.2
240 6 117.6
240 7 188.0
240 9 26.2
240 10 92.6
240 12 72.1
240 13 25.25
240 15 25.25
240 16 206.5
240 18 27.6
240 19 118.4
240 20 135.4
240 21 22.1
240 22 22.1
240 23 28.9
240 24 122.35
240 25 133.6
240 26 17.8
240 27 25.9
240 28 19.625
240 29 19.625
240 30 193.4
240 32 136.65
240 33 128.25
240 34 127.9
240 35 132.14154
240 36 127.9
240 37 128.25
241 0 78.6
241 1 46.708736
241 2 48.0
241 3 40.526318
241 4 55.9
241 5 176.2
241 6 117.6
241 7 188.0
241 9 26.2
241 10 92.6
241 12 72.1
241 13 25.25
241 15 25.25
241 16 206.5
241 18 27.6
241 19 118.4
241 20 135.4
241 21 22.1
241 22 22.1
241 23 130.0
241 24 137.6
241 25 81.9
241 26 25.0
241 27 25.0
241 29 20.436237
241 30 20.436237
241 31 193.33333
241 33 136.65
241 34 128.25
241 35 127.9
241 36 132.14154
241 37 127.9
241 38 128.25
242 0 78.6
242 1 48.15
242 2 43.0
242 3 37.5
242 4 60.0
242 5 176.11429
242 6 116.90897
242 7 190.1
242 9 41.7
242 10 76.2
242 12 147.9
242 13 110.2
242 14 18.0
242 16 90.7
242 17 28.9
242 18 69.2
242 19 25.6
242 21 25.6
242 22 211.09546
242 24 27.9
242 25 122.5
242 26 133.525
242 27 21.9875
242 28 21.9875
242 29 19.625
242 30 19.625
242 31 193.33333
242 33 136.65
242 34 128.25
242 35 128.0
242 36 132.14154
242 37 128.0
242 38 128.25
243 0 78.6
243 1 46.708736
243 2 49.11852
243 3 40.526318
243 4 60.0
243 5 176.11429
243 6 116.90897
243 7 190.1
243 9 41.7
243 10 76.2
243 12 147.9
243 13 110.2
243 14 18.0
243 16 90.7
243 17 28.9
243 18 69.2
243 19 25.6
243 21 25.6
243 22 211.09546
243 24 130.0
243 25 137.6
243 26 81.9
243 27 25.0
243 28 25.0
243 30 20.436237
243 31 20.436237
243 32 193.33333
243 34 136.65
243 35 128.25
243 36 128.0
243 37 132.14154
243 38 128.0
243 39 128.25
244 0 78.6
244 1 46.708736
244 2 49.11852
244 3 40.526318
244 4 60.0
244 5 176.11429
244 6 115.7
244 7 190.1
244 9 25.7
244 10 120.36129
244 11 133.59032
244 12 19.26129
244 13 23.674194
244 15 90.7
244 16 28.9
244 17 69.2
244 18 25.6
244 20 25.6
244 21 211.09546
244 23 130.0
244 24 137.6
244 25 81.9
244 26 25.0
244 27 25.0
244 29 20.436237
244 30 20.436237
244 31 193.33333
244 33 136.65
244 34 128.25
244 35 128.0
244 36 132.14154
244 37 128.0
244 38 128.25
245 0 78.6
245 1 48.15
245 2 43.0
245 3 37.5
245 4 60.0
245 5 176.11429
245 6 115.7
245 7 190.1
245 9 25.7
245 10 120.36129
245 11 133.59032
245 12 19.26129
245 13 23.674194
245 15 90.7
245 16 28.9
245 17 69.2
245 18 25.6
245 20 25.6
245 21 211.09546
245 23 27.9
245 24 122.5
245 25 133.525
245 26 21.9875
245 27 21.9875
245 28 19.625
245 29 19.625
245 30 193.33333
245 32 136.65
245 33 128.25
245 34 128.0
245 35 132.14154
245 36 128.0
245 37 128.25
246 0 69.0
246 1 46.708736
246 2 49.11852
246 3 40.02069
246 4 60.0
246 5 176.11429
246 6 119.1
246 7 193.5
246 9 192.0
246 11 137.2
246 12 129.2
246 13 128.25
246 14 132.13
246 15 128.25
246 16 129.2
246 18 90.7
246 19 28.9
246 20 69.2
246 21 25.6
246 23 25.6
246 24 211.34546
246 26 130.0
246 27 137.6
246 28 81.9
246 29 25.0
246 30 25.0
246 32 20.436237
246 33 20.436237
246 34 26.6
246 35 119.8
246 36 135.0
246 37 18.3
246 38 26.0
247 0 69.0
247 1 48.3
247 2 43.0
247 3 37.5
247 4 60.0
247 5 176.11429
247 6 119.1
247 7 193.5
247 9 192.0
247 11 137.2
247 12 129.2
247 13 128.25
247 14 132.13
247 15 128.25
247 16 129.2
247 18 90.7
247 19 28.9
247 20 69.2
247 21 25.6
247 23 25.6
247 24 211.34546
247 26 27.9
247 27 122.5
247 28 133.6
247 29 17.8
247 30 25.9
247 31 24.7
247 32 24.7
247 33 26.6
247 34 119.8
247 35 135.0
247 36 18.3
247 37 26.0
248 0 40.514294
248 1 211.09546
248 3 66.1
248 4 207.9
248 6 40.514294
248 7 211.09546
248 9 46.708736
248 10 50.566944
248 11 40.696064
248 12 129.89444
248 13 135.29286
248 14 18.014286
248 15 25.785715
248 16 35.892
248 17 20.436237
248 18 20.436237
248 19 36.028927
248 20 118.73333
248 21 135.0
248 22 18.3
248 23 26.0
248 24 35.15143
248 25 118.32143
248 26 135.21428
248 27 22.698
248 28 23.606
248 29 194.9
248 31 136.6
248 32 128.1
248 33 127.9
248 34 132.14154
248 35 127.9
248 36 128.1
249 0 116.5
249 1 184.6
249 2 40.514294
249 3 46.708736
249 4 44.466667
249 5 40.02069
249 6 61.6
249 7 196.6
249 9 30.8
249 10 119.1
249 11 135.4
249 12 22.698
249 13 23.606
249 14 189.81451
249 16 28.233334
249 17 123.166664
249 18 133.6
249 19 17.8
249 20 25.9
249 21 20.436237
249 22 20.436237
249 23 21.78675
249 25 197.9
249 27 137.3
249 28 129.6
249 29 128.25
249 30 132.13
249 31 128.25
249 32 129.6
250 0 99.02381
250 1 163.07002
250 2 103.2
250 3 161.24286
250 4 116.75
250 5 160.83609
250 7 18.4
250 8 41.3
250 9 73.0
250 10 43.0
250 11 23.9
250 12 126.5
250 13 131.8
250 14 17.75
250 15 25.766666
250 16 27.9
250 19 210.3
250 21 39.1
250 22 19.3
250 23 19.3
251 0 106.3
251 1 156.06686
251 2 96.44058
251 3 157.6
251 4 103.2
251 5 161.24286
251 7 210.3
251 9 39.1
251 10 19.3
251 11 19.3
251 14 80.285
251 15 52.861057
251 16 29.38421
251 17 32.0
251 18 31.2
251 19 24.842857
251 20 35.7
251 21 28.65
251 22 28.65
251 23 23.380697
252 0 159.44545
252 1 104.14
252 2 203.36363
252 4 93.3
252 6 51.557453
252 7 73.493256
252 9 176.4381
252 11 146.82712
252 12 111.809395
252 13 21.78675
252 14 34.941345
252 15 19.661129
252 16 19.661129
253 0 147.20392
253 1 104.14
253 2 204.8
253 4 93.3
253 6 51.557453
253 7 73.493256
253 9 177.27765
253 11 146.82712
253 12 111.809395
253 13 21.78675
253 14 129.51317
253 15 126.05244
253 16 129.02162
253 17 131.8
253 18 129.02162
253 19 126.05244
254 0 102.02
254 1 155.7
254 2 122.2
254 3 129.58017
254 4 147.18294
254 5 147.17613
254 8 91.36667
254 9 28.0
254 10 71.68
254 11 25.06
254 13 25.06
254 14 182.01
254 16 102.75714
254 17 155.77676
254 19 93.2
254 20 164.6
254 21 97.6
254 22 163.1
255 0 102.02
255 1 154.085
255 2 115.87384
255 3 126.72275
255 4 147.18294
255 5 147.17613
255 8 80.18467
255 9 70.45104
255 11 72.64
255 12 26.596666
255 14 26.596666
255 15 182.01
255 17 102.75714
255 18 155.77676
255 20 93.2
255 21 164.6
255 22 97.6
255 23 163.1
256 0 100.37013
256 1 155.7
256 2 122.2
256 3 124.1836
256 4 140.75333
256 5 155.25
256 8 37.557144
256 9 76.422226
256 10 146.92223
256 11 110.60555
256 12 18.061111
256 14 182.01
256 16 102.75714
256 17 155.77676
256 19 93.2
256 20 164.6
256 21 97.6
256 22 163.1
257 0 113.02698
257 1 157.7
257 2 122.2
257 3 124.1836
257 4 152.77272
257 5 115.6
257 7 43.5
257 8 76.422226
257 9 146.92223
257 10 110.60555
257 11 18.061111
257 13 184.9
257 15 102.75714
257 16 155.77676
257 18 93.2
257 19 164.6
257 20 97.6
257 21 163.1
258 0 102.02
258 1 155.7
258 2 122.2
258 3 124.1836
258 4 142.4
258 5 147.17613
258 8 75.2
258 9 32.822224
258 10 20.938461
258 11 26.8
258 12 26.8
258 13 182.01
258 15 102.75714
258 16 155.77676
258 18 93.2
258 19 164.6
258 20 97.6
258 21 163.1
259 0 102.02
259 1 155.7
259 2 122.2
259 3 129.58017
259 4 147.18294
259 5 147.17613
259 8 104.23333
259 9 28.7
259 11 55.3
259 12 182.01
259 14 102.75714
259 15 155.77676
259 17 93.2
259 18 164.6
259 19 97.6
259 20 163.1
260 0 111.1
260 1 163.8
260 2 93.5
260 3 155.6
260 4 104.0
260 5 161.5
260 7 182.94348
260 9 115.87384
260 10 147.1
260 12 147.17613
260 13 103.29425
260 14 160.75555
260 15 124.1836
260 16 26.163092
260 17 121.45
260 18 139.2
260 19 16.3
260 20 39.6
260 21 26.25
260 22 124.025
260 23 130.535
260 24 17.45
260 25 25.325
260 29 21.9
260 30 123.00714
260 31 132.33888
260 32 17.8
260 33 25.6
261 0 111.1
261 1 163.8
261 2 93.5
261 3 155.6
261 4 104.0
261 5 161.5
261 7 182.94348
261 9 115.87384
261 10 147.1
261 12 147.17613
261 13 103.29425
261 14 160.75555
261 15 124.1836
261 16 26.233334
261 17 123.53509
261 18 131.78474
261 19 17.8
261 20 25.5
261 24 21.9
261 25 123.00714
261 26 132.33888
261 27 17.8
261 28 25.6
262 0 111.1
262 1 163.8
262 2 93.5
262 3 155.6
262 4 104.0
262 5 161.5
262 7 182.94348
262 9 115.87384
262 10 145.21977
262 12 153.04517
262 13 96.91298
262 14 157.85
262 15 124.1836
262 16 26.233334
262 17 123.53509
262 18 131.78474
262 19 17.8
262 20 25.5
262 22 55.9
262 24 56.21613
262 26 21.9
262 27 123.00714
262 28 132.33888
262 29 17.8
262 30 25.6
263 0 147.1
263 1 115.87384
263 2 182.94348
263 4 104.0
263 5 155.77676
263 7 93.74298
263 8 166.7
263 9 109.1
263 10 161.24286
263 12 31.0
263 13 88.7
263 15 144.0
263 16 112.7
263 17 17.2
263 18 129.45
263 19 147.07632
263 20 135.64137
263 21 136.4
263 25 27.55
263 26 123.95
263 27 131.75
263 28 17.8
263 29 25.5
264 0 153.3
264 1 148.2
264 2 108.4
264 3 117.1
264 4 149.8
264 5 125.0
264 6 23.8
264 7 123.0
264 8 132.8
264 9 17.8
264 10 25.6
264 12 156.1
264 13 103.3
264 14 181.2
264 16 162.2
264 17 98.3
264 18 163.3
264 19 107.2
264 20 22.3
264 21 123.7
264 22 133.3
264 23 18.25847
264 24 25.68247
264 29 61.2
265 0 115.5
265 1 118.751625
265 2 161.66667
265 3 107.26613
265 4 140.9
265 5 150.63042
265 7 56.016655
265 9 154.56857
265 10 120.823845
265 11 181.31429
265 13 128.17245
265 14 112.25651
265 15 161.18506
265 16 97.790306
266 0 124.09
266 1 147.29
266 2 119.55
266 3 133.0
266 4 113.5
266 5 162.6
266 7 191.5
266 9 110.6
266 10 133.0
266 11 181.8
266 13 103.8
266 14 164.1
266 15 126.0
266 16 161.6
266 18 28.9
266 19 109.0
266 20 158.4
266 21 106.4
266 22 162.9
266 23 93.3
266 24 164.1
266 26 65.7
266 27 119.2
266 28 140.9
266 29 16.6
266 30 39.7
266 31 26.4
266 32 124.32727
266 33 130.535
266 34 17.45
266 35 25.325
266 37 199.4
266 39 141.8
266 40 128.3
266 41 127.97143
266 42 132.4
266 43 127.97143
266 44 128.3
266 46 40.7
266 47 26.4
266 48 22.7
266 49 22.7
266 51 56.4
266 52 21.38
267 0 124.09
267 1 147.29
267 2 119.55
267 3 133.0
267 4 113.5
267 5 162.6
267 7 191.5
267 9 110.6
267 10 133.0
267 11 181.8
267 13 103.8
267 14 164.1
267 15 126.0
267 16 161.6
267 18 28.9
267 19 109.0
267 20 158.4
267 21 106.4
267 22 162.9
267 23 93.3
267 24 164.1
267 26 65.7
267 27 119.2
267 28 140.9
267 29 16.6
267 30 39.7
267 31 26.4
267 32 124.32727
267 33 130.535
267 34 17.45
267 35 25.325
267 37 199.4
267 39 141.8
267 40 128.3
267 41 127.97143
267 42 132.4
267 43 127.97143
267 44 128.3
267 46 40.0
267 47 30.833334
267 48 36.415
267 49 25.4525
267 50 124.345
267 51 131.4275
267 52 17.73
267 53 25.82
267 54 21.153334
267 56 56.4
267 57 21.38
268 0 68.78
268 1 53.8
268 2 195.92662
268 4 115.87384
268 5 135.42876
268 6 45.5
268 7 124.1
268 8 139.9
268 9 113.64066
268 10 159.01445
268 12 160.41556
268 13 106.82804
268 14 156.06686
268 15 102.35263
268 17 55.92287
268 18 133.66142
268 19 141.2
268 20 34.4
268 21 23.4
268 22 23.4
268 24 28.5
269 0 156.8
269 1 107.85381
269 2 187.5
269 4 115.87384
269 5 146.09497
269 6 39.323273
269 7 40.82135
269 8 120.05958
269 9 134.13504
269 10 18.47907
269 11 25.344187
269 12 40.82135
269 13 120.05958
269 14 134.13504
269 15 18.47907
269 16 25.344187
269 17 109.8
269 18 136.8
269 19 109.3
269 20 159.01445
269 22 151.15909
269 23 124.1836
269 24 137.37386
269 25 120.39433
269 26 20.047623
269 27 26.233334
269 28 123.53509
269 29 131.78474
269 30 17.8
269 31 25.5
270 0 186.02
270 1 116.90897
270 2 188.04286
270 4 114.1
270 5 146.09497
270 6 39.323273
270 7 40.82135
270 8 120.05958
270 9 134.13504
270 10 18.47907
270 11 25.344187
270 12 40.82135
270 13 120.05958
270 14 134.13504
270 15 18.47907
270 16 25.344187
270 17 121.594475
270 18 133.4044
270 19 109.1
270 20 159.01445
270 22 153.1
270 23 110.3
270 24 136.4
270 25 118.6175
270 26 21.4
270 28 25.7
270 29 120.36129
270 30 133.59032
270 31 19.26129
270 32 23.674194
271 0 142.7
271 1 119.3
271 2 156.9
271 3 114.1
271 4 132.4
271 5 131.8
271 6 27.5
271 7 122.3
271 8 134.6
271 9 18.1
271 10 25.7
271 11 121.594475
271 12 146.09497
271 13 114.1
271 14 155.86363
271 16 188.04286
271 18 116.90897
271 19 186.02
271 20 39.323273
271 21 40.82135
271 22 120.05958
271 23 134.13504
271 24 18.47907
271 25 25.344187
271 26 40.82135
271 27 120.05958
271 28 134.13504
271 29 18.47907
271 30 25.344187
271 32 25.7
271 33 120.36129
271 34 133.59032
271 35 19.26129
271 36 23.674194
271 38 20.8
272 0 108.85
272 1 193.1
272 2 40.696064
272 3 39.0
272 4 41.6377
272 5 26.180555
272 6 58.8
272 7 197.08667
272 9 213.0
272 11 30.915625
272 12 121.75
272 13 133.8
272 14 18.05
272 15 26.15
272 16 34.774
272 17 23.427273
272 18 124.706665
272 19 131.20667
272 20 19.246666
272 21 24.153334
272 22 15.23171
272 24 208.6
272 26 35.2
272 27 19.1
272 28 19.1
273 0 156.8
273 1 107.85381
273 2 187.5
273 4 115.87384
273 5 146.09497
273 6 39.323273
273 7 40.82135
273 8 120.05958
273 9 134.13504
273 10 18.47907
273 11 25.344187
273 12 40.82135
273 13 120.05958
273 14 134.13504
273 15 18.47907
273 16 25.344187
273 17 121.594475
273 18 133.4044
273 19 109.1
273 20 159.01445
273 22 153.1
273 23 110.3
273 24 136.4
273 25 118.6175
273 26 21.4
274 0 53.8
274 1 68.78
274 2 45.5
274 3 135.42876
274 4 115.87384
274 5 195.92662
274 7 159.01445
274 8 113.64066
274 9 139.9
274 10 117.5
274 11 102.35263
274 12 156.06686
274 13 107.66774
274 14 150.71317
274 16 78.28526
274 17 126.39698
274 18 116.54755
274 19 27.475779
274 20 27.475779
274 22 55.92287
274 24 28.5
275 0 44.466667
275 1 40.526318
275 2 40.514294
275 3 184.6
275 4 108.85
275 5 193.5
275 7 69.0
275 8 48.3
275 9 24.7
275 10 24.7
275 11 26.6
275 12 119.8
275 13 135.0
275 14 18.3
275 15 26.0
275 16 219.35715
275 18 208.6
275 20 35.2
275 21 19.1
275 22 19.1
275 24 21.78675
275 25 28.233334
275 26 123.166664
275 27 133.525
275 28 21.9875
275 29 21.9875
276 0 44.466667
276 1 48.7
276 2 82.4
276 3 200.44409
276 5 113.2
276 6 174.39796
276 7 40.514294
276 8 40.526318
276 9 21.78675
276 10 211.09546
276 13 83.5
276 14 123.9
276 15 114.5
276 16 29.45
276 17 29.45
276 18 207.72858
276 20 42.4
276 21 20.8
276 22 20.8
276 23 20.65
276 24 20.65
276 25 28.233334
276 26 123.166664
276 27 133.525
276 28 21.9875
276 29 21.9875
277 0 44.466667
277 1 40.526318
277 2 40.514294
277 3 200.44409
277 5 113.2
277 6 174.39796
277 7 40.514294
277 8 39.323273
277 9 25.29683
277 10 25.29683
277 11 207.72858
277 13 42.4
277 14 20.8
277 15 20.8
277 16 211.09546
277 19 83.5
277 20 123.9
277 21 114.5
277 22 29.45
277 23 29.45
277 24 21.78675
277 25 28.233334
277 26 123.166664
277 27 133.525
277 28 21.9875
277 29 21.9875
278 0 44.466667
278 1 48.7
278 2 82.4
278 3 200.44409
278 5 113.2
278 6 174.39796
278 7 40.514294
278 8 40.526318
278 9 21.78675
278 10 211.09546
278 13 83.5
278 14 123.9
278 15 114.5
278 16 29.45
278 17 29.45
278 18 208.5
278 20 47.6
278 21 16.3
278 22 27.0
278 23 10.7
278 24 20.65
278 25 20.65
278 26 28.233334
278 27 123.166664
278 28 133.525
278 29 21.9875
278 30 21.9875
279 0 41.6377
279 1 40.514294
279 2 83.85714
279 3 200.44409
279 5 113.2
279 6 174.39796
279 8 83.5
279 9 123.9
279 10 114.5
279 11 29.45
279 12 29.45
279 13 40.514294
279 14 211.09546
279 16 40.526318
279 17 21.78675
279 18 208.5
279 20 47.6
279 21 16.3
279 22 27.0
279 23 10.7
279 24 21.78675
279 25 34.774
279 26 23.427273
279 27 124.706665
279 28 131.20667
279 29 19.246666
279 30 24.153334
279 31 30.915625
279 32 122.66875
279 33 133.61304
279 34 21.9875
279 35 21.9875
280 0 41.6377
280 1 40.514294
280 2 83.85714
280 3 200.44409
280 5 113.2
280 6 174.39796
280 8 83.5
280 9 123.9
280 10 114.5
280 11 29.45
280 12 29.45
280 13 40.514294
280 14 211.09546
280 16 40.526318
280 17 21.78675
280 18 206.7
280 20 42.4
280 21 20.8
280 22 20.8
280 23 21.78675
280 24 34.774
280 25 23.427273
280 26 124.706665
280 27 131.20667
280 28 19.246666
280 29 24.153334
280 30 30.915625
280 31 122.66875
280 32 133.61304
280 33 21.9875
280 34 21.9875
281 0 48.43292
281 1 184.6
281 2 108.85
281 3 200.44409
281 5 60.4
281 6 48.758858
281 7 44.867176
281 8 40.3
281 9 48.117653
281 10 42.867794
281 11 147.25667
281 12 113.08518
281 13 23.742964
281 14 25.85
281 15 25.85
281 16 211.2
281 18 208.6
281 20 35.2
281 21 19.1
281 22 19.1
281 24 21.78675
282 0 48.43292
282 1 184.6
282 2 108.85
282 3 200.44409
282 5 60.4
282 6 48.758858
282 7 44.867176
282 8 40.3
282 9 48.117653
282 10 39.6
282 11 147.25667
282 12 113.08518
282 13 23.742964
282 14 25.85
282 15 25.85
282 16 211.2
282 18 208.6
282 20 35.2
282 21 19.1
282 22 19.1
282 24 21.78675
283 0 48.43292
283 1 184.6
283 2 108.85
283 3 200.44409
283 5 60.4
283 6 48.758858
283 7 44.867176
283 8 40.3
283 9 48.117653
283 10 42.867794
283 11 147.25667
283 12 113.08518
283 13 23.742964
283 14 25.85
283 15 25.85
283 16 211.2
283 18 201.56485
283 20 44.3
283 21 14.566667
283 22 26.30566
283 23 11.545283
283 25 21.78675
284 0 48.43292
284 1 184.6
284 2 108.85
284 3 200.44409
284 5 60.4
284 6 48.758858
284 7 44.867176
284 8 40.3
284 9 48.117653
284 10 39.6
284 11 147.25667
284 12 113.08518
284 13 23.742964
284 14 25.85
284 15 25.85
284 16 211.2
284 18 201.56485
284 20 44.3
284 21 14.566667
284 22 26.30566
284 23 11.545283
284 25 21.78675
285 0 48.43292
285 1 184.6
285 2 108.85
285 3 200.44409
285 5 60.4
285 6 48.758858
285 7 44.867176
285 8 40.4
285 9 33.747665
285 10 35.739555
285 11 26.85
285 12 26.85
285 13 211.2
285 15 208.6
285 17 35.2
285 18 19.1
285 19 19.1
285 21 21.78675
286 0 121.75
286 1 134.0
286 2 18.05
286 3 26.15
286 4 30.915625
286 5 41.6377
286 6 56.6
286 7 34.658546
286 8 30.133333
286 9 83.83223
286 11 174.39796
286 12 115.7
286 13 200.44409
286 15 61.6
286 16 211.09546
286 18 41.052143
286 19 207.72858
286 21 42.4
286 22 20.8
286 23 20.8
286 24 30.8
286 25 119.1
286 26 135.4
286 27 22.698
286 28 23.606
286 29 40.02069
286 30 25.7
286 31 120.36129
286 32 133.59032
286 33 19.26129
286 34 23.674194
286 35 70.8
286 36 25.45
286 38 25.45
286 39 14.1
287 0 43.444366
287 1 43.444366
287 2 77.454185
287 3 44.345936
287 4 203.96425
287 6 93.3
287 8 177.27765
287 11 73.493256
287 12 51.557453
287 13 21.78675
287 14 146.82712
287 15 111.809395
287 16 142.06079
287 17 124.458336
287 18 128.41667
287 19 127.58148
287 20 128.41667
287 21 124.458336
287 22 139.18947
287 23 121.96429
287 24 27.485031
287 25 44.459496
287 26 35.62
287 27 37.0
287 28 25.2
287 29 125.9
287 30 131.6
287 31 17.73
287 32 25.82
287 33 18.903212
287 34 19.8195
288 0 155.77676
288 1 107.02
288 2 181.71819
288 4 121.37143
288 5 145.21977
288 7 150.63042
288 8 112.8381
288 9 121.35
288 10 115.942856
288 12 56.016655
288 13 163.07002
288 14 97.877975
288 15 164.6
288 16 93.2
289 0 145.21977
289 1 121.37143
289 2 174.515
289 4 122.0
289 5 155.74318
289 7 113.02698
289 8 115.61818
289 9 148.13333
289 10 115.375
289 12 115.942856
289 13 121.35
289 14 112.8381
289 15 150.63042
289 17 56.016655
290 1 137.56624
290 2 137.23328
290 4 76.9
290 5 80.0
290 6 60.513332
290 8 126.7
290 9 120.7
290 10 115.4
290 11 147.3
290 12 147.8
290 13 111.7
290 15 55.7
290 17 152.35783
290 18 108.4
290 19 121.85
290 20 147.35715
290 22 155.6
290 23 120.5
290 24 175.0
290 26 125.9
290 27 124.78375
290 28 134.705
290 29 118.3
291 0 120.5
291 1 155.78
291 3 145.0
291 4 121.85
291 5 175.0
291 7 106.92087
291 8 151.83951
291 9 140.1
291 10 134.675
291 13 60.4
291 15 56.2976
291 16 118.05
291 17 134.705
291 18 124.78375
291 19 125.9
292 0 122.85
292 1 154.9
292 3 147.1
292 4 115.87384
292 5 178.5
292 7 120.89148
292 8 145.21977
292 9 136.4
292 10 136.4
292 14 60.997326
292 15 124.44103
292 16 111.36888
292 17 146.20769
292 18 146.24
292 19 100.37013
292 20 156.06686
292 22 55.92287
292 25 148.99968
292 26 140.6
292 27 153.89218
292 28 98.2
292 29 165.70787
292 30 97.57353
292 32 55.917915
292 35 60.5
292 36 117.74
292 37 134.13
292 38 123.65
292 39 126.7
293 1 137.56624
293 2 137.23328
293 4 76.34286
293 5 80.0
293 6 59.9
293 8 125.97143
293 9 105.442856
293 10 147.95
293 11 136.1
293 12 147.95
293 13 105.442856
293 15 56.15
293 18 56.15
293 19 152.35783
293 20 108.4
293 21 121.85
293 22 147.35715
293 24 155.6
293 25 120.5
293 26 175.0
293 28 125.9
293 29 124.78375
293 30 134.705
293 31 118.3
294 0 161.2
294 1 107.26613
294 2 161.2
294 3 103.7
294 4 152.51988
294 5 103.7
294 6 22.1
294 7 121.8
294 8 132.7
294 9 18.25847
294 10 25.68247
294 12 61.24
294 13 22.1
294 14 121.8
294 15 132.7
294 16 18.25847
294 17 25.68247
294 19 193.48221
294 21 135.6
294 22 122.9
294 23 129.8
294 24 120.6
294 25 157.1
294 26 117.0
295 0 161.2
295 1 106.07183
295 2 158.04333
295 3 105.62727
295 4 157.12
295 5 112.5
295 6 21.2
295 7 122.0
295 8 131.8
295 9 18.25847
295 10 25.68247
295 12 79.05231
295 13 127.15818
295 14 115.77454
295 15 27.038
295 16 27.038
295 18 193.48221
295 20 135.6
295 21 122.9
295 22 129.8
295 23 120.6
295 24 157.1
295 25 117.0
296 0 161.24286
296 1 106.07183
296 2 158.4
296 3 110.08
296 4 157.75
296 5 112.5
296 6 21.2
296 7 122.0
296 8 131.8
296 9 18.25847
296 10 25.68247
296 12 81.1
296 13 124.92667
296 14 118.46
296 15 27.038
296 16 27.038
296 18 62.7
296 19 193.48221
296 21 135.6
296 22 122.9
296 23 129.8
296 24 120.6
296 25 157.1
296 26 117.0
297 0 161.2
297 1 104.8
297 2 161.24286
297 3 111.843864
297 4 153.89711
297 5 103.7
297 6 22.1
297 7 121.8
297 8 132.7
297 9 18.25847
297 10 25.68247
297 12 60.518547
297 13 37.577778
297 14 60.944466
297 16 58.335
297 17 21.7575
297 18 21.7575
297 20 197.2
297 22 130.5
297 23 133.2
297 24 115.8
297 25 162.46
297 26 115.8
297 27 133.2
298 0 106.07183
298 1 155.77676
298 3 154.56857
298 4 115.4
298 5 173.0
298 7 108.4
298 8 145.40164
298 9 151.18
298 10 100.37013
298 13 93.01714
298 14 164.33461
298 15 92.2
298 16 161.26256
298 18 56.19282
298 20 55.8
299 0 107.26613
299 1 145.21977
299 3 154.9
299 4 122.081665
299 5 173.0
299 7 126.486664
299 8 124.29833
299 9 134.705
299 10 117.74
299 11 147.17613
299 12 98.91039
299 13 153.04517
299 14 145.21977
299 16 60.997326
299 18 56.21613
300 0 155.77676
300 1 106.07183
300 2 183.44794
300 4 121.85
300 5 147.35715
300 7 137.56624
300 8 137.23328
300 9 151.83951
300 10 106.92087
300 12 56.2976
300 14 79.666664
300 15 77.55
300 17 126.973335
300 18 105.95333
300 19 148.4842
300 20 136.1
300 21 148.4842
300 22 105.95333
300 24 56.15
300 27 56.15
300 28 60.966667
300 30 161.26256
300 31 93.11429
300 32 162.25333
300 33 93.2
300 36 56.19282
301 0 145.0
301 1 121.37143
301 2 181.71819
301 4 107.02
301 5 155.77676
301 7 99.47704
301 8 164.12143
301 9 97.925
301 10 162.9
301 13 99.95
301 15 77.1
301 16 69.695
301 17 76.35
301 18 73.05
301 22 60.811428
301 24 128.17245
301 25 107.6
301 26 147.35
301 27 131.525
302 0 145.0
302 1 121.37143
302 2 181.71819
302 4 107.02
302 5 155.77676
302 7 99.47704
302 8 164.12143
302 9 97.925
302 10 162.9
302 13 100.46923
302 15 76.22
302 16 71.317825
302 17 76.46
302 18 82.8
302 20 101.8385
302 21 72.6
302 22 70.73
302 23 73.8
302 24 70.5
302 26 18.485714
302 32 62.238
302 34 128.17245
302 35 107.6
302 36 147.35
302 37 131.525
303 0 132.0
303 1 128.0
303 2 102.2
303 3 148.8
303 4 111.0
303 5 111.2
303 7 55.682434
303 8 111.96507
303 9 121.774605
303 11 29.6
303 12 42.7
304 0 132.0
304 1 128.0
304 2 102.2
304 3 148.8
304 4 111.0
304 5 111.2
304 7 55.682434
304 8 111.1
304 9 123.0
304 11 25.16842
304 12 39.4
304 14 169.3
304 16 23.218182
