1 | 1 2 3 4 5 6 8 10 11 12 14 15 16 17 19 | 108.10 165.90 107.80 135.30 108.45 164.40 186.78 114.57 132.44 182.82 119.55 147.29 124.09 161.71 21.38
2 | 1 2 3 4 5 6 8 10 11 12 13 14 15 16 18 | 100.90 164.30 107.10 144.40 108.00 164.20 187.77 111.90 135.43 33.37 125.84 141.47 122.85 161.90 21.53
3 | 1 2 3 4 5 6 7 9 10 11 12 14 15 16 17 18 19 20 22 25 | 108.10 147.10 147.20 106.50 135.00 119.50 85.40 71.53 54.23 54.23 71.53 85.40 135.00 119.50 108.10 147.10 147.20 106.50 101.00 101.00
4 | 1 2 3 4 5 6 7 8 9 | 121.00 116.28 149.00 145.74 114.30 125.90 144.60 115.00 168.25
5 | 1 2 3 4 5 6 8 9 10 12 13 14 15 16 17 | 157.97 96.10 157.20 100.60 156.90 95.40 82.70 68.30 28.80 131.60 115.00 145.60 145.81 115.72 119.00
6 | 1 2 3 4 5 6 8 9 10 12 13 14 15 16 17 19 20 21 22 23 24 26 27 28 30 31 32 33 34 35 | 164.60 99.00 161.40 104.85 158.83 95.01 161.68 104.10 182.61 123.70 127.98 124.44 152.28 114.15 126.18 114.32 154.16 103.02 160.43 104.61 153.90 164.19 103.70 182.56 121.34 128.60 115.90 161.40 115.90 128.60
7 | 1 2 3 4 5 6 8 9 10 13 14 15 16 17 18 | 164.18 99.18 161.85 105.34 157.05 94.02 146.60 136.60 175.26 120.30 109.00 146.90 138.00 146.90 109.00
8 | 1 2 3 4 5 6 8 | 73.80 69.30 33.10 132.50 140.00 68.50 172.90
9 | 1 2 3 4 5 6 7 8 9 10 11 12 13 14 15 16 17 18 19 20 21 22 23 24 25 26 27 28 29 30 31 | 13.97 22.15 32.04 28.72 29.04 29.07 29.42 29.50 29.50 29.50 29.50 29.50 29.50 29.50 29.50 29.50 29.50 29.50 29.50 29.50 29.50 29.50 29.50 29.50 29.42 29.07 29.04 28.72 32.04 22.15 13.97
10 | 1 2 3 4 5 6 7 8 10 11 | 146.40 110.05 107.80 126.80 123.40 98.20 111.97 121.77 29.60 42.70
11 | 1 2 3 4 5 6 7 8 10 11 | 119.22 120.24 111.20 136.30 127.40 118.10 112.60 122.50 29.60 42.70
12 | 1 2 3 4 5 6 7 8 9 11 13 14 15 17 18 20 21 22 23 24 26 27 28 30 31 32 33 34 | 161.24 110.29 40.17 116.91 186.02 39.32 186.02 117.07 183.73 194.88 41.20 17.70 13.70 25.30 25.30 151.20 106.83 153.90 104.25 206.30 46.65 18.10 13.80 78.81 128.79 116.20 27.48 27.48
13 | 1 2 3 4 5 6 7 8 9 | 124.40 131.77 116.65 154.04 118.86 128.17 143.53 116.58 160.62
14 | 1 2 3 4 5 6 8 9 10 12 13 14 15 16 17 | 164.55 99.30 162.95 106.00 158.15 93.95 154.56 122.88 181.00 122.66 130.10 115.05 157.00 115.05 130.10
15 | 1 2 3 5 6 7 8 9 10 11 13 16 17 19 20 21 22 23 24 25 27 30 | 50.10 50.10 82.00 72.25 132.90 104.19 150.39 136.10 150.39 104.19 56.15 56.15 72.25 82.00 132.90 104.19 150.39 134.06 150.39 104.19 56.27 56.27
16 | 2 3 4 5 6 7 9 11 12 13 14 15 16 17 18 23 | 71.90 38.13 70.25 76.70 74.52 38.40 168.70 115.30 146.80 127.63 121.95 116.28 149.00 145.74 114.95 180.60
17 | 1 2 3 4 5 6 8 10 11 12 13 14 15 16 17 18 19 22 24 25 26 27 28 29 30 32 33 34 35 37 | 105.70 174.60 126.90 126.00 108.30 168.30 183.60 101.90 119.30 121.40 121.40 126.00 108.30 168.30 105.70 174.60 126.90 183.60 101.90 119.30 121.20 121.20 143.90 118.90 161.40 23.70 143.90 118.90 161.40 23.70
18 | 1 2 3 4 5 6 8 10 11 12 14 15 16 17 19 20 21 22 23 25 | 124.09 147.29 119.55 132.44 113.50 162.60 191.50 110.32 133.20 181.80 111.43 156.63 110.66 160.53 21.90 123.29 132.34 17.80 25.60 21.38
19 | 1 2 3 4 5 6 8 10 11 12 13 14 15 16 17 18 19 22 24 25 26 27 28 29 30 32 33 34 35 37 | 105.70 174.60 126.90 126.00 108.30 168.30 183.60 101.90 119.30 121.40 121.40 126.00 108.30 168.30 105.70 174.60 126.90 183.60 101.90 119.30 121.20 121.20 143.90 118.90 161.40 23.70 131.84 111.37 161.40 63.43
20 | 1 2 3 4 5 6 8 9 10 12 13 14 15 | 136.20 110.10 161.80 108.74 156.35 107.00 151.00 122.00 181.31 115.38 148.13 115.62 113.03
21 | 1 2 3 4 5 6 8 9 10 12 13 14 15 | 164.60 97.88 163.07 107.02 155.78 93.20 151.00 122.00 181.28 115.38 148.13 115.62 113.03
22 | 1 2 3 4 5 6 7 8 9 10 11 13 14 15 17 18 19 20 24 25 26 28 29 | 154.10 105.63 158.04 107.27 144.20 118.80 41.20 149.52 110.61 28.88 28.88 145.22 121.37 181.28 128.17 107.60 147.35 131.53 115.77 127.16 78.81 27.48 27.48
23 | 1 2 3 4 5 6 8 9 10 12 13 14 15 19 20 21 22 23 25 | 162.65 109.54 161.27 103.10 155.78 95.82 154.57 122.00 181.31 108.40 145.40 151.18 100.37 72.00 74.50 80.30 72.50 81.50 62.90
24 | 1 2 3 4 5 6 8 9 10 12 13 14 15 18 19 20 21 22 23 25 26 27 28 29 | 163.80 111.10 161.50 104.00 155.78 93.50 155.70 122.20 181.90 137.00 142.70 154.50 101.60 62.00 26.23 123.54 131.78 17.80 25.50 21.90 123.01 132.34 17.80 25.60
25 | 1 2 3 4 5 6 8 9 10 12 13 14 15 | 164.60 97.88 163.07 107.02 155.78 93.20 154.57 122.00 181.28 108.40 145.40 151.18 100.37
26 | 1 2 3 4 5 6 7 8 10 12 13 15 16 17 19 20 21 22 25 | 165.60 93.74 161.26 106.07 153.60 112.80 27.07 83.83 59.23 50.23 18.05 144.70 121.37 182.61 115.94 124.20 120.53 145.50 56.19
27 | 1 2 3 4 5 6 7 9 10 11 12 13 14 16 17 18 19 20 21 22 23 24 25 27 28 29 30 31 32 33 34 35 36 | 128.25 132.13 128.25 129.40 137.25 129.40 194.95 117.07 168.41 123.60 186.02 39.32 199.89 40.82 120.06 134.14 18.48 25.34 40.82 120.06 134.14 18.48 25.34 42.84 46.97 81.10 40.67 30.74 44.19 148.91 111.94 19.57 22.80
28 | 1 2 3 4 5 6 8 9 10 11 12 13 14 17 18 19 20 21 22 24 25 26 27 28 29 32 33 35 37 38 39 | 117.07 186.02 39.32 186.02 116.91 183.73 40.17 110.29 161.24 106.07 156.07 95.82 160.84 66.30 120.25 138.20 19.30 26.60 198.73 140.83 127.96 127.97 132.40 127.97 127.96 25.30 25.30 208.60 35.20 19.10 19.10
29 | 1 2 3 4 5 6 8 9 10 11 13 14 15 16 17 18 19 20 21 22 24 25 26 27 29 | 115.87 135.43 124.10 139.90 113.64 159.01 157.80 100.64 158.94 107.08 65.30 120.06 140.90 39.70 26.40 124.33 130.53 17.45 25.32 16.60 45.50 70.10 51.03 195.93 26.80
30 | 1 2 3 4 5 6 7 8 9 10 11 12 13 14 15 16 17 18 19 20 21 22 23 24 25 26 27 28 | 31.64 71.51 42.32 140.84 121.43 31.98 32.15 50.37 36.50 37.32 18.19 21.16 39.91 42.30 56.86 24.30 28.30 56.10 35.35 33.00 31.40 39.10 31.50 19.00 19.00 15.40 19.20 15.17
31 | 1 2 3 4 5 6 7 8 9 10 11 12 13 14 15 16 17 18 19 20 21 22 23 24 25 26 27 28 29 | 31.64 71.51 42.32 140.84 121.43 31.98 32.15 50.37 36.50 37.32 18.19 21.16 39.91 42.30 56.86 24.30 28.30 56.10 36.30 34.00 26.40 46.05 28.95 19.20 19.20 23.00 12.30 18.80 15.17
32 | 1 2 3 4 5 6 7 8 9 10 11 12 13 14 15 16 17 18 19 20 21 22 23 24 25 26 27 28 29 | 31.64 71.51 42.32 140.84 121.43 31.98 32.15 50.37 36.50 37.32 18.19 21.16 38.07 42.47 56.86 24.79 26.26 56.14 40.62 134.15 135.44 43.96 31.80 20.60 20.60 25.48 11.52 20.26 16.59
33 | 1 2 3 4 5 6 7 8 9 10 11 12 13 14 15 16 17 18 19 20 21 22 23 24 25 26 27 28 29 30 | 26.70 78.60 38.90 54.90 36.86 38.10 54.77 44.02 33.74 18.14 44.02 49.45 132.00 129.43 43.41 34.64 30.33 29.65 37.31 33.75 30.23 41.90 29.36 29.36 22.98 19.76 18.88 18.69 21.45 21.45
34 | 1 2 3 4 5 6 7 8 9 10 11 12 13 14 15 16 17 18 19 20 21 22 23 24 25 28 29 30 31 32 | 27.32 78.84 38.88 55.25 36.89 38.65 50.50 42.90 34.40 18.06 43.00 38.50 23.80 21.20 46.70 55.80 31.30 30.30 37.30 29.70 49.80 147.80 110.60 19.50 179.20 14.90 16.13 15.87 21.90 21.90
35 | 1 2 4 5 6 7 8 9 10 11 12 13 14 15 16 17 18 19 20 21 22 23 24 25 26 27 28 29 30 31 | 41.50 213.10 58.20 42.10 59.50 22.30 37.40 53.10 18.20 41.30 38.30 39.70 30.50 35.60 42.80 30.00 36.00 32.40 39.20 32.80 28.20 35.30 33.40 33.40 32.10 18.60 20.20 17.90 14.60 6.80
36 | 1 2 3 4 5 6 7 8 9 10 11 12 13 14 15 16 17 18 19 20 21 22 23 24 25 26 27 28 29 30 | 27.32 78.84 38.88 55.25 36.89 38.65 50.50 40.90 34.40 18.06 42.90 38.10 25.20 21.00 48.40 43.00 35.60 27.50 18.00 40.10 29.90 48.00 151.00 109.40 19.35 14.60 16.13 15.87 21.90 21.90
37 | 1 2 3 4 5 6 8 9 10 12 13 14 15 16 17 19 22 | 162.25 93.11 161.26 106.07 156.36 94.68 160.55 107.40 182.59 124.15 119.90 116.30 149.55 149.30 108.62 55.70 56.19
38 | 1 2 3 4 5 6 8 9 10 12 13 14 15 16 17 19 21 | 158.80 116.11 159.96 106.19 158.00 93.74 163.20 104.50 181.45 130.65 126.10 129.00 131.80 129.00 126.10 8.54 55.70
39 | 1 2 3 4 5 6 8 9 10 12 13 14 15 16 17 21 22 23 24 25 27 | 163.00 97.49 160.10 106.07 156.36 94.68 160.55 107.40 182.59 127.13 119.90 115.70 149.90 145.90 114.00 101.70 73.30 76.60 71.27 77.20 61.08
40 | 1 2 3 4 5 6 8 9 10 12 13 14 15 16 17 19 20 21 22 23 25 | 164.60 99.00 161.40 104.85 158.83 95.01 162.70 104.10 182.61 124.15 119.90 116.30 147.10 149.30 108.62 102.20 73.60 76.05 69.69 77.15 61.08
41 | 1 2 3 4 5 6 8 9 10 12 13 14 15 16 17 20 21 22 23 24 26 | 164.60 99.00 161.40 104.85 158.83 95.01 162.70 104.10 182.61 127.13 119.65 115.90 146.20 146.30 115.12 101.40 73.10 76.05 69.68 77.15 60.81
42 | 1 2 3 4 5 6 8 9 10 13 14 15 16 17 18 | 164.18 99.18 161.85 105.34 157.05 94.02 146.60 136.60 175.26 123.40 130.40 116.30 160.12 116.30 130.40
43 | 1 2 3 4 5 6 8 9 10 13 14 15 16 17 18 | 164.18 99.18 161.85 105.34 157.05 94.02 144.80 136.20 175.26 125.20 122.72 115.74 148.78 145.46 116.14
44 | 1 2 3 4 5 6 8 9 10 13 14 15 16 17 18 | 164.18 99.18 161.85 105.34 157.05 94.02 144.80 136.20 175.26 122.62 132.30 147.20 151.90 116.60 122.72
45 | 1 2 3 4 5 6 8 9 10 13 14 15 16 17 18 19 23 24 25 27 28 | 159.58 104.99 158.04 105.63 154.95 96.18 157.43 138.78 178.23 59.60 120.40 120.80 115.50 148.78 145.16 116.10 115.80 127.70 77.98 28.28 28.28
46 | 1 2 3 4 5 6 8 9 10 13 14 15 16 17 19 24 25 26 27 28 29 | 164.18 98.94 161.46 104.73 156.50 93.72 159.40 135.80 179.60 102.60 73.90 77.30 69.70 76.40 60.80 121.11 130.94 115.18 160.12 115.18 130.94
47 | 1 2 3 4 5 6 8 9 10 13 14 15 16 17 19 24 25 26 27 28 29 | 164.18 98.94 161.46 104.73 156.50 93.72 159.40 135.80 179.60 102.60 73.90 75.50 69.70 76.40 60.80 121.11 130.94 115.18 160.12 115.18 130.94
48 | 1 2 3 4 5 6 8 9 10 13 14 15 16 17 19 24 25 26 27 28 30 35 36 37 38 39 40 | 164.18 98.94 161.00 104.73 156.50 93.72 156.83 132.67 177.33 100.37 78.81 76.60 71.27 77.70 62.60 104.50 76.39 79.50 72.44 79.50 62.69 121.11 130.94 115.18 160.12 115.18 130.94
49 | 1 2 3 4 5 6 8 9 10 13 14 15 16 18 22 23 24 25 26 27 | 164.18 98.94 161.46 103.67 156.38 93.67 157.18 133.97 178.04 107.35 80.50 74.94 85.91 62.46 121.33 121.63 115.50 148.78 145.16 115.60
50 | 1 2 3 4 5 6 8 9 10 13 14 15 16 17 22 23 24 25 26 27 | 164.18 98.94 161.46 103.67 156.38 93.67 157.18 133.97 178.04 101.54 72.01 75.17 69.84 66.08 121.33 121.63 115.50 148.78 145.16 115.60
51 | 1 2 3 4 5 6 8 9 10 13 14 15 16 17 19 24 25 26 27 28 29 | 164.18 98.94 161.46 103.67 156.38 93.67 157.18 133.10 176.90 101.10 73.90 77.30 69.70 76.40 60.80 121.33 121.63 115.50 148.78 145.16 115.60
52 | 1 2 3 4 5 6 8 9 10 13 14 15 16 17 19 24 25 26 27 28 29 | 164.18 98.94 161.46 103.67 156.38 93.67 157.18 133.10 176.90 101.10 73.90 77.30 69.70 76.40 60.80 121.33 121.63 115.50 148.78 145.16 115.60
53 | 1 2 3 4 5 6 8 9 10 13 15 16 17 18 22 23 24 25 26 27 28 | 164.18 98.94 161.00 103.67 156.50 93.67 157.18 134.17 176.90 103.30 71.30 72.00 71.80 71.60 17.40 121.33 121.63 115.50 148.78 145.16 115.60
54 | 1 2 3 4 5 6 8 9 10 13 14 15 16 17 19 25 26 27 28 29 30 | 164.18 98.94 161.46 103.67 156.38 93.67 157.18 134.17 176.90 103.76 74.77 75.24 71.40 75.40 171.70 121.33 121.63 115.50 148.78 145.16 115.60
55 | 1 2 3 4 5 6 8 9 10 13 14 15 16 17 18 23 24 25 26 27 29 | 163.55 100.14 161.59 105.34 157.41 95.22 144.80 136.20 175.26 125.20 122.72 115.74 148.78 145.46 116.14 99.80 71.80 72.10 73.60 71.15 17.00
56 | 1 2 3 4 5 6 8 9 10 13 14 15 16 17 19 21 22 23 24 25 27 34 35 36 37 38 39 | 164.18 98.94 161.46 103.67 156.38 93.67 157.18 133.10 176.90 103.15 74.10 74.90 70.00 75.50 67.33 100.29 70.36 70.69 71.85 68.32 18.20 121.33 121.63 115.50 148.78 145.16 115.60
57 | 1 2 3 4 5 6 8 9 10 13 14 15 16 17 19 25 26 27 28 29 30 | 164.18 98.94 161.46 103.67 156.38 93.67 155.00 134.17 176.90 103.88 74.77 73.58 71.40 75.40 171.70 121.20 126.30 116.60 151.90 147.20 132.30
58 | 1 2 3 4 5 6 7 8 9 10 11 13 18 20 22 23 24 26 27 28 29 30 31 | 163.30 98.10 161.30 104.60 157.00 104.60 71.40 73.90 77.96 72.80 82.20 61.80 172.60 21.00 166.60 102.70 183.10 122.00 114.00 145.90 149.90 115.70 119.90
59 | 1 2 3 4 5 6 8 9 10 12 13 14 15 16 17 19 20 21 23 24 25 26 27 28 32 33 34 35 36 37 | 165.10 99.80 163.27 105.30 158.10 95.60 164.00 119.56 180.50 104.58 159.60 101.50 160.43 104.61 153.90 164.19 103.70 182.56 121.34 128.60 115.90 161.40 115.90 128.60 124.30 129.70 115.20 159.50 115.20 129.70
60 | 1 2 3 4 5 6 9 10 11 14 16 17 18 19 23 24 25 26 27 28 29 | 96.47 162.00 102.00 162.00 97.00 165.49 83.00 78.00 195.00 102.14 69.87 73.04 71.45 74.17 18.52 127.00 119.00 116.00 145.81 146.00 115.00
61 | 1 2 3 4 5 6 8 9 10 11 12 14 20 21 22 25 26 27 28 29 30 | 97.60 163.50 103.00 163.40 96.10 166.00 99.95 73.05 76.35 69.68 77.10 60.81 83.60 73.30 199.70 129.30 120.40 115.20 146.62 145.00 115.70
62 | 1 2 3 4 5 6 8 9 10 11 12 14 19 20 21 24 25 26 27 28 29 | 97.60 163.50 103.00 163.40 96.10 164.46 99.80 71.80 72.10 73.60 71.15 17.35 83.60 73.30 199.70 129.30 120.40 115.20 146.01 145.00 115.70
63 | 1 2 3 4 5 6 8 9 10 12 13 14 15 16 17 21 22 23 24 25 27 | 162.25 97.79 158.41 110.29 156.10 104.10 81.75 66.40 28.55 131.90 119.65 115.73 146.62 145.68 115.08 100.84 73.30 75.86 69.68 77.20 61.08
64 | 1 2 3 4 5 6 8 9 10 12 13 14 15 16 17 21 22 23 24 25 27 | 162.25 97.79 158.41 110.29 156.10 104.10 82.85 66.40 33.16 131.90 119.65 115.73 146.01 145.68 115.08 100.84 73.30 75.86 69.68 77.20 60.81
65 | 1 2 3 4 5 6 8 10 11 13 14 15 16 17 18 | 164.66 100.91 158.95 130.16 156.07 97.79 157.63 105.67 156.45 149.70 114.10 105.20 144.90 146.70 99.10
66 | 1 2 4 5 7 8 10 12 13 14 15 16 17 18 | 104.14 159.45 93.30 204.80 51.56 73.49 177.28 146.83 111.81 21.79 37.20 18.30 27.80 11.90
67 | 1 2 3 4 5 6 8 9 10 11 12 15 16 17 19 20 21 22 23 24 | 103.70 155.40 93.20 163.77 111.10 158.60 21.90 123.01 132.34 17.80 25.60 162.70 104.10 181.45 127.13 114.00 145.90 149.90 115.70 119.90
68 | 1 2 3 4 5 6 8 9 10 12 13 14 15 16 17 20 22 | 158.80 116.11 159.96 106.19 158.00 93.74 164.64 104.50 181.45 121.20 126.60 115.90 161.40 115.90 126.60 8.54 55.70
69 | 1 2 3 4 5 6 9 11 12 13 15 17 18 19 20 21 23 28 30 31 32 33 34 | 121.63 121.33 115.60 145.16 148.78 115.50 156.55 156.38 103.67 177.33 133.00 98.55 74.00 73.74 70.10 77.70 62.60 169.30 20.90 161.46 98.94 164.18 93.67
70 | 1 2 3 4 5 6 8 10 11 13 14 15 16 17 18 22 23 24 25 26 28 33 34 35 36 37 39 | 164.46 96.10 163.40 101.41 163.50 97.60 195.00 78.00 83.00 127.00 119.00 116.00 145.81 146.00 115.00 102.14 74.17 71.45 73.04 69.87 18.17 99.80 71.80 72.10 73.60 71.15 17.00
71 | 1 2 3 4 5 6 7 8 9 12 13 14 15 16 17 18 19 20 21 23 25 26 27 28 29 30 31 32 35 | 159.62 115.95 130.20 124.93 130.20 115.95 145.54 116.29 168.46 71.20 132.53 125.16 21.92 114.23 163.17 108.07 129.41 114.10 162.83 192.30 118.65 144.70 127.53 130.50 116.00 159.62 116.00 130.50 13.70
72 | 1 2 3 4 5 6 7 8 9 12 13 14 15 16 17 18 19 20 21 23 25 26 27 28 29 30 31 32 35 | 159.62 115.95 130.20 124.93 130.20 115.95 145.54 116.29 168.46 71.20 132.53 125.16 22.32 114.23 163.17 108.07 129.41 114.10 162.83 192.30 118.65 144.70 127.53 130.50 116.00 159.62 116.00 130.50 23.60
73 | 1 2 3 4 5 6 7 8 9 12 13 14 15 16 17 18 19 20 21 23 25 26 27 28 29 30 31 32 35 37 | 115.45 149.24 148.87 111.81 127.51 123.82 148.34 112.27 168.46 71.20 132.53 125.16 22.32 114.23 163.17 108.07 129.41 114.10 162.83 192.30 118.65 144.70 127.53 130.50 116.00 159.62 116.00 130.50 23.60 55.70
74 | 1 2 3 4 5 6 7 9 10 11 12 13 14 15 16 20 21 22 23 24 26 28 29 30 31 32 33 34 35 37 | 163.17 114.23 162.83 114.23 129.41 108.07 192.85 123.60 141.80 119.67 157.18 103.19 159.00 108.23 128.94 22.32 125.16 132.53 23.60 71.20 168.46 112.27 148.34 127.51 123.82 115.45 149.24 148.87 111.81 55.70
75 | 1 2 3 4 5 6 8 11 12 13 14 15 17 | 103.70 152.80 109.80 116.10 142.90 149.30 56.40 102.10 74.90 76.77 69.68 76.65 60.81
76 | 1 2 3 4 5 6 8 11 12 13 14 15 17 | 147.63 115.50 106.65 149.75 99.09 150.17 56.17 102.60 74.90 76.05 69.69 77.15 60.81
77 | 1 2 3 4 5 6 7 9 10 11 13 14 15 16 17 21 | 165.50 106.60 164.10 111.44 135.13 107.40 181.95 132.20 114.57 186.78 161.71 124.09 147.29 119.55 21.38 56.20
78 | 1 2 3 5 6 9 10 11 12 13 14 15 16 17 18 19 20 | 160.36 107.85 183.55 101.00 158.50 58.85 39.27 27.02 27.02 145.55 112.00 129.51 126.05 129.02 131.80 129.02 126.05
79 | 1 2 3 5 6 9 10 11 12 13 14 15 16 17 18 19 | 160.36 107.85 183.55 101.00 159.63 39.27 27.02 27.02 145.55 112.00 129.51 126.05 129.02 131.80 129.02 126.05
80 | 1 2 3 5 6 9 10 11 12 13 14 16 17 18 19 20 21 | 183.80 97.59 202.56 64.20 176.08 52.08 36.89 145.03 112.81 27.91 27.91 134.70 127.40 128.80 131.63 128.80 127.40
81 | 1 2 3 5 6 7 8 9 10 11 12 13 14 15 | 183.80 97.59 204.19 45.67 145.03 112.81 24.85 24.85 134.27 126.43 127.87 131.40 127.87 126.43
82 | 1 2 3 4 6 8 9 11 12 13 14 15 16 17 18 | 112.81 145.03 45.67 199.31 183.90 97.59 183.80 134.70 127.40 128.80 131.63 128.80 127.40 24.85 24.85
83 | 1 2 4 5 6 8 9 10 11 12 13 14 15 16 17 19 21 23 25 26 | 110.60 163.80 151.54 130.16 150.92 60.70 26.12 29.09 78.60 76.73 37.41 115.61 137.13 18.16 25.89 51.91 168.80 20.80 146.10 105.60
84 | 1 2 3 4 5 6 8 10 11 13 14 15 16 18 | 97.88 164.60 93.20 155.78 107.02 163.07 181.72 121.37 145.00 135.91 148.41 110.96 128.17 56.34
85 | 1 2 3 4 5 6 8 10 11 13 14 15 16 18 19 20 21 22 24 25 26 27 28 | 108.20 155.12 111.25 153.60 106.07 161.00 181.28 122.00 154.30 113.03 115.62 148.13 115.38 22.10 121.00 134.00 17.80 25.60 21.20 123.10 131.81 17.80 25.60
86 | 1 2 4 5 6 8 9 10 11 13 14 15 17 18 20 21 22 23 24 25 26 27 28 30 | 122.20 155.70 155.78 107.27 181.11 154.90 102.30 156.90 93.50 28.88 74.72 77.10 23.10 23.10 101.60 154.50 142.70 137.00 26.23 123.54 131.78 17.80 25.50 62.00
87 | 1 2 4 5 6 7 8 9 10 11 12 13 14 15 16 17 18 19 20 21 22 23 24 25 26 27 28 29 30 31 32 | 38.43 72.43 38.43 26.80 30.72 29.42 29.24 29.42 29.50 29.50 29.50 29.50 29.50 29.50 29.42 29.07 29.04 28.72 32.04 22.15 13.97 26.80 30.72 29.42 29.24 29.07 29.04 28.72 32.04 22.15 13.97
88 | 1 2 3 4 5 6 7 9 10 12 13 14 15 18 20 | 152.36 137.23 142.10 144.70 121.85 108.40 175.00 115.72 154.57 97.79 161.19 112.26 128.17 61.43 60.86
89 | 1 3 4 5 7 8 9 10 11 12 14 15 16 17 18 19 20 21 22 23 25 26 27 28 29 | 181.80 132.44 113.50 191.50 110.32 133.20 111.43 156.63 110.66 160.53 21.19 121.80 133.80 39.20 26.25 124.03 130.53 17.45 25.32 15.90 162.60 124.09 147.29 119.55 21.38
90 | 1 2 4 5 6 8 9 10 11 14 16 17 18 19 20 | 122.08 154.57 155.78 109.20 173.00 149.03 137.88 153.89 93.00 61.43 61.83 97.79 161.19 112.26 128.17
91 | 1 2 4 5 6 8 9 10 11 13 14 15 16 18 21 | 114.80 147.36 155.74 122.00 175.31 115.38 148.13 115.62 113.03 146.80 142.00 148.11 106.92 56.37 61.10
92 | 1 2 3 4 5 6 8 9 10 11 12 14 15 16 17 20 21 22 23 24 25 26 27 28 29 | 108.00 144.40 33.37 135.43 111.90 187.77 161.90 122.85 141.47 125.84 21.53 112.36 160.01 100.69 162.40 65.30 120.06 140.90 16.60 39.70 26.40 124.33 130.53 17.45 25.32
93 | 1 2 3 5 6 8 9 10 11 12 13 14 15 17 20 | 147.36 114.80 175.00 120.50 155.60 118.30 134.71 124.78 125.90 106.92 148.11 142.00 146.80 61.10 56.37
94 | 1 2 3 5 6 8 9 10 11 12 13 14 15 18 | 154.57 122.00 177.10 121.30 155.78 118.06 135.55 124.78 126.60 106.92 147.69 146.00 100.37 56.10
95 | 1 2 3 4 5 6 10 12 13 14 15 16 17 18 19 22 | 38.13 71.90 38.40 74.52 73.52 69.77 168.00 117.07 145.62 127.34 130.20 115.95 159.62 115.95 130.20 180.60
96 | 1 2 3 5 6 7 8 9 10 11 13 14 15 16 17 19 20 21 22 23 | 144.40 108.00 187.77 111.90 135.43 33.37 125.84 141.47 122.85 161.90 21.53 162.40 100.69 160.01 112.36 66.84 119.73 137.88 19.30 26.60
97 | 1 2 3 5 6 8 9 10 11 13 15 17 18 19 20 | 154.57 115.72 175.00 121.85 145.00 134.68 140.10 151.84 106.92 56.30 60.40 128.17 112.26 161.19 97.79
98 | 1 2 3 5 6 8 9 10 11 13 15 17 18 19 20 | 155.74 122.00 175.31 121.85 145.00 134.68 140.10 151.84 106.92 56.30 60.40 115.38 148.13 115.62 113.03
99 | 1 2 4 5 6 8 9 10 11 13 16 17 18 19 20 21 22 23 24 25 | 103.50 153.07 155.60 115.87 182.94 137.00 145.22 134.68 146.80 61.10 61.00 26.23 123.54 131.78 17.80 25.50 107.08 136.45 110.11 161.67
100 | 1 2 3 5 6 8 9 10 11 13 14 15 16 18 20 22 | 144.70 114.80 175.00 115.72 154.57 97.79 161.19 112.26 128.17 106.92 151.84 145.85 142.10 61.43 61.20 56.30
101 | 1 2 3 5 6 8 9 10 11 12 13 17 18 19 20 21 23 27 28 29 30 | 156.38 103.67 176.90 134.17 157.18 121.33 115.60 145.16 148.78 115.50 121.63 103.30 71.60 71.80 72.00 71.30 17.40 161.46 98.94 164.18 93.67
102 | 1 2 3 4 5 6 8 9 10 11 13 15 16 17 18 19 20 21 22 23 24 25 26 27 29 30 31 32 33 35 | 125.96 111.37 154.53 113.64 125.27 151.16 121.59 146.09 114.10 155.86 188.04 116.91 186.02 39.32 40.82 120.06 134.14 18.48 25.34 40.82 120.06 134.14 18.48 25.34 25.70 120.36 133.59 19.26 23.67 15.86
103 | 1 2 4 5 6 8 9 10 11 13 14 15 16 17 18 20 21 22 23 24 25 26 27 28 30 | 122.20 155.70 155.66 104.00 181.90 161.24 113.76 158.11 93.74 55.99 21.45 122.21 130.50 17.80 25.60 101.60 154.50 142.70 137.00 26.23 123.54 131.78 17.80 25.50 62.00
104 | 1 2 3 4 5 6 8 9 10 11 13 14 15 16 17 18 19 20 21 22 24 25 26 27 29 30 31 32 33 34 36 37 38 39 40 41 42 43 44 45 47 48 49 50 51 53 54 55 56 58 | 114.40 137.77 44.83 138.94 115.87 190.52 160.53 110.66 156.63 120.70 21.19 121.80 133.80 39.20 26.25 124.03 130.53 17.45 25.32 15.90 44.83 137.77 114.40 190.52 115.87 141.37 120.70 156.63 110.66 160.53 21.19 121.80 133.80 15.90 39.20 26.25 124.03 130.53 17.45 25.32 161.90 122.85 141.47 125.25 21.53 125.25 141.47 122.85 161.90 21.53
105 | 1 2 3 5 6 8 9 10 11 14 15 16 17 18 19 20 21 22 23 24 25 26 27 | 153.60 103.50 181.40 121.37 145.22 131.53 147.35 107.60 128.17 162.20 99.02 165.30 107.80 27.80 47.80 149.10 111.20 19.10 31.90 124.40 131.60 22.07 22.07
106 | 1 2 3 4 5 6 7 8 9 10 11 12 14 15 17 18 19 20 25 | 145.22 136.40 136.40 147.10 115.87 137.00 26.23 123.54 131.78 17.80 25.50 182.94 103.50 153.07 107.08 136.45 110.11 161.67 61.00
107 | 1 2 3 5 6 8 9 10 11 13 14 15 16 17 18 19 20 21 22 23 24 25 26 28 29 30 31 32 | 153.60 106.07 181.28 122.00 154.30 113.03 115.62 148.13 115.38 161.00 108.20 155.12 111.25 21.92 121.80 133.80 15.90 39.20 26.25 124.03 130.53 17.45 25.32 21.20 123.10 131.81 17.80 25.60
108 | 1 2 3 4 5 6 7 8 10 11 12 13 14 16 17 18 19 21 22 24 25 26 27 28 29 30 31 32 33 34 35 36 38 39 40 41 | 83.86 40.51 45.20 37.50 60.00 176.11 115.70 200.44 25.70 120.36 133.59 19.26 23.67 90.70 28.90 69.20 25.60 25.60 205.10 27.60 121.40 134.00 18.05 26.15 21.79 34.77 23.43 124.71 131.50 19.25 24.15 208.50 47.60 27.00 10.70 16.30
109 | 1 2 4 5 6 8 9 10 11 13 14 15 16 17 19 20 21 22 23 24 25 26 27 | 122.20 155.70 155.78 104.00 181.90 161.50 111.10 163.80 93.50 21.90 123.01 132.34 17.80 25.60 100.37 155.25 140.75 129.45 27.55 123.95 131.75 17.80 25.50
110 | 1 2 3 5 6 8 9 10 11 12 13 14 16 17 19 20 21 22 24 25 26 27 28 | 155.78 104.00 182.12 110.14 152.47 102.44 150.94 135.76 121.50 120.99 132.31 77.43 26.84 26.84 161.50 111.10 163.80 93.50 21.90 123.01 132.34 17.80 25.60
111 | 1 2 3 5 6 8 9 10 11 13 14 15 16 17 19 20 21 22 25 26 27 28 29 31 | 155.70 122.20 181.90 104.00 155.78 93.50 163.80 111.10 161.50 21.90 123.01 132.34 17.80 25.60 124.18 143.10 154.50 101.60 61.70 31.51 42.97 71.37 29.37 29.37
112 | 1 2 3 4 5 6 8 9 10 11 13 14 15 16 17 19 20 21 22 24 25 26 27 28 29 31 32 33 34 35 36 37 38 39 40 42 43 44 45 46 48 49 50 51 53 | 114.40 137.77 44.83 138.94 114.40 187.77 162.40 100.69 160.01 98.95 66.84 119.73 137.88 19.30 26.60 44.83 137.77 114.40 190.52 115.87 141.37 120.70 156.63 110.66 160.53 21.19 121.80 133.80 39.20 26.25 124.03 130.53 17.45 25.32 15.90 161.90 122.85 141.47 125.25 21.53 125.25 141.47 122.85 161.90 21.53
113 | 1 2 3 4 5 6 7 8 9 10 12 13 14 15 16 17 19 21 22 23 24 25 26 27 28 29 30 31 32 33 | 146.09 115.87 155.86 114.10 132.40 121.59 131.80 142.70 119.30 156.90 20.80 27.50 122.30 134.60 18.10 25.70 187.50 107.85 156.80 39.32 40.82 120.06 134.14 18.48 25.34 40.82 120.06 134.14 18.48 25.34
114 | 1 2 3 5 6 7 8 9 10 11 13 14 15 16 17 18 19 20 21 22 23 24 25 26 27 | 139.27 115.87 190.86 115.87 139.27 33.31 134.99 140.72 118.84 161.90 20.35 26.28 123.17 132.04 20.95 23.17 162.40 102.47 160.76 124.18 26.23 123.54 131.78 17.80 25.50
115 | 1 2 3 5 6 7 8 9 10 11 13 14 15 16 17 18 19 20 21 22 23 24 25 26 27 28 29 30 31 32 | 139.27 115.87 190.86 115.87 139.27 33.31 137.23 135.89 124.18 156.00 26.23 123.54 131.78 17.80 25.50 16.70 27.41 122.75 132.59 18.34 25.39 162.40 102.47 160.76 124.18 26.23 123.54 131.78 17.80 25.50
116 | 1 2 3 4 5 6 7 8 9 10 11 12 13 14 16 18 19 20 21 22 23 25 27 28 29 31 32 33 34 35 36 | 41.64 40.02 48.43 107.25 48.43 40.75 17.95 34.77 23.43 124.71 131.21 19.25 24.15 212.03 87.48 37.62 115.99 137.00 21.77 21.77 212.03 207.73 42.40 20.80 20.80 21.79 30.92 122.67 133.61 21.99 21.99
117 | 1 3 4 5 6 7 8 9 10 11 12 13 14 15 16 17 18 19 20 21 22 23 24 25 26 28 30 31 32 33 | 177.01 47.03 25.76 25.60 37.36 41.86 33.04 18.14 55.25 38.88 78.84 27.32 38.65 37.12 50.32 21.50 32.70 91.74 59.16 37.05 148.39 108.76 29.75 39.50 14.30 16.14 21.90 21.90 15.92 17.82
118 | 1 3 4 5 6 7 8 9 10 11 12 13 14 15 16 17 18 19 20 21 22 23 24 25 27 29 31 32 33 34 | 177.01 44.50 35.15 25.60 37.36 41.86 33.04 18.14 55.25 38.88 78.84 27.32 38.65 37.12 50.32 21.50 32.70 91.74 59.16 37.05 148.39 108.76 37.24 76.48 14.30 16.14 21.90 21.90 15.92 17.82
119 | 1 2 4 5 6 8 9 10 11 14 15 16 17 18 19 20 21 22 | 122.08 154.57 152.47 110.14 178.50 121.50 135.76 150.94 102.44 77.43 132.31 120.99 26.84 26.84 97.79 161.19 112.26 128.17
120 | 1 2 3 5 6 7 9 10 11 12 14 15 16 17 18 20 21 22 23 25 28 29 | 110.32 131.48 181.80 133.20 110.32 190.52 160.53 110.66 156.63 111.43 21.90 123.29 132.34 17.80 25.60 125.32 137.37 108.89 155.12 169.78 52.41 20.05
121 | 1 2 3 5 6 7 9 10 11 12 14 15 16 17 18 20 21 22 23 25 28 29 | 110.32 131.48 182.50 133.98 110.32 188.80 155.12 105.14 155.20 105.10 76.50 127.64 116.04 28.00 28.00 125.32 137.37 108.89 155.12 169.78 52.41 20.05
122 | 1 2 3 4 5 6 7 8 12 14 15 16 17 21 | 119.70 147.20 147.10 117.50 125.60 132.30 40.30 64.75 102.20 77.15 69.69 76.05 73.60 61.08
123 | 1 2 3 4 5 6 8 9 11 13 14 15 16 20 | 130.21 130.52 116.06 156.01 116.06 130.52 34.63 72.20 104.40 78.10 69.70 71.50 75.10 62.32
124 | 1 2 3 4 5 6 7 9 10 12 13 14 15 17 18 19 20 21 | 107.60 147.35 131.53 145.00 121.37 128.17 181.72 103.10 156.20 93.50 163.80 111.10 161.24 21.90 123.01 132.34 17.80 25.60
125 | 1 2 3 4 5 6 8 10 11 13 14 15 16 | 97.88 164.60 93.20 155.78 107.02 163.07 181.72 121.37 145.00 131.53 147.35 107.60 128.17
126 | 1 2 3 4 5 6 8 10 11 13 14 15 16 | 110.10 136.20 107.00 156.35 109.00 162.10 181.72 120.82 154.57 97.79 161.19 112.26 128.17
127 | 1 2 3 4 5 6 7 8 9 10 11 12 13 14 15 16 17 18 19 20 21 22 23 24 25 26 27 28 29 30 | 30.78 68.10 40.90 37.22 48.29 20.70 41.52 53.10 17.40 35.80 38.30 39.70 30.50 35.21 42.80 30.00 36.00 32.40 39.20 32.80 28.20 35.30 33.40 33.40 32.10 18.60 20.20 13.91 16.59 13.10
128 | 1 2 3 4 5 6 8 9 10 11 12 14 21 22 23 25 26 27 28 | 103.10 155.78 95.82 162.50 109.60 161.27 72.00 74.50 80.30 72.50 82.50 62.90 151.00 122.00 181.28 115.38 148.13 115.62 113.03
129 | 1 2 4 5 6 8 9 10 11 14 15 16 17 18 19 20 21 22 24 25 26 28 29 | 103.78 155.12 152.47 110.14 182.12 121.50 135.76 150.94 102.44 77.43 132.31 120.99 26.84 26.84 94.19 159.21 104.48 159.56 115.73 127.70 77.98 28.28 28.28
130 | 1 2 4 5 6 8 9 10 11 13 15 16 17 18 19 20 21 22 23 | 102.76 155.78 154.09 110.14 182.94 121.50 145.22 153.05 96.91 56.22 76.88 132.31 120.99 26.96 26.96 93.20 164.60 97.60 163.10
131 | 1 2 4 5 6 8 9 10 11 14 15 16 17 18 19 20 21 22 | 102.76 155.78 152.47 110.14 182.01 121.50 135.76 150.94 102.44 77.43 132.31 120.99 26.84 26.84 93.20 164.60 97.60 163.10
132 | 1 2 3 4 5 6 7 10 12 14 15 16 17 21 | 110.96 148.37 148.24 110.70 137.90 120.67 64.60 56.00 102.60 77.15 69.69 76.05 74.90 61.08
133 | 1 2 3 4 5 6 7 9 10 11 13 14 15 16 18 19 20 21 22 23 26 | 147.29 124.09 162.60 113.50 133.00 119.55 181.80 133.98 110.32 191.50 155.12 106.83 156.07 105.10 55.92 133.66 141.20 34.40 23.40 23.40 21.38
134 | 1 2 3 4 5 6 7 8 9 10 11 13 14 15 16 17 19 21 22 24 25 26 27 | 153.60 107.27 158.04 105.63 157.51 107.60 21.50 122.10 131.70 18.26 25.68 78.37 127.16 115.77 27.04 27.04 181.28 121.37 145.22 131.53 147.35 107.60 128.17
135 | 1 2 4 5 6 8 9 10 11 14 15 16 17 20 | 121.37 147.36 155.78 107.02 181.72 163.07 97.88 164.60 93.20 137.88 151.47 115.40 128.17 61.43
136 | 1 3 4 5 6 7 8 9 10 11 12 13 14 15 16 17 19 20 21 22 23 24 25 26 27 29 31 33 34 35 | 199.89 108.85 168.41 123.60 186.02 39.32 40.82 120.06 134.14 18.48 25.34 40.82 120.06 134.14 18.48 25.34 42.84 46.97 81.10 40.67 30.74 45.77 146.06 112.52 18.88 22.80 208.60 35.20 19.10 19.10
137 | 1 2 3 5 6 8 9 10 11 14 15 16 17 18 19 20 21 22 | 145.22 121.37 181.40 102.99 156.00 104.10 156.10 95.00 161.43 78.37 128.80 114.20 28.28 28.28 128.17 107.60 147.35 131.53
138 | 1 2 3 4 5 6 8 10 11 12 14 15 16 17 19 22 | 138.65 96.88 162.40 104.70 111.15 151.80 187.77 114.33 131.48 185.88 120.08 147.75 124.09 163.21 21.38 57.00
139 | 1 2 3 5 6 7 9 10 11 12 14 15 16 18 19 20 21 22 23 24 26 28 29 32 | 131.48 110.32 188.80 110.32 133.98 182.50 105.10 155.20 105.14 155.12 116.04 127.64 76.50 28.00 28.00 155.12 108.89 136.94 128.46 69.56 170.80 20.93 169.78 52.41
140 | 1 2 3 4 6 7 9 10 11 12 13 15 16 17 18 20 21 23 24 25 27 28 29 30 31 32 33 34 35 36 | 39.32 186.02 108.85 196.60 62.00 201.00 35.89 46.97 46.97 73.29 29.73 24.97 23.97 41.70 81.10 22.80 208.60 35.20 19.10 19.10 40.82 120.06 134.14 18.48 25.34 40.82 120.06 134.14 18.48 25.34
141 | 1 2 3 4 6 7 9 10 11 12 13 15 16 17 18 20 21 23 24 25 27 28 29 30 31 32 33 34 35 36 | 39.32 186.02 108.85 196.60 62.00 201.00 35.89 46.97 46.97 73.90 29.73 24.97 23.97 41.70 81.10 22.80 208.60 35.20 19.10 19.10 40.82 120.06 134.14 18.48 25.34 40.82 120.06 134.14 18.48 25.34
142 | 1 2 3 4 6 7 9 10 11 12 13 15 16 17 18 20 21 23 24 25 27 28 29 30 31 32 33 34 35 36 | 39.32 186.02 108.85 196.60 62.00 201.00 35.89 46.97 46.97 73.90 29.73 24.97 23.97 41.70 81.10 22.80 208.60 35.20 19.10 19.10 40.82 120.06 134.14 18.48 25.34 40.82 120.06 134.14 18.48 25.34
143 | 1 2 3 4 6 7 9 10 11 12 13 15 16 17 18 20 21 23 24 25 27 28 29 30 31 32 33 34 35 36 | 39.32 186.02 108.85 196.60 62.00 201.00 35.89 46.97 46.97 73.90 29.73 24.97 23.97 41.70 81.10 22.80 208.60 35.20 19.10 19.10 40.82 120.06 134.14 18.48 25.34 40.82 120.06 134.14 18.48 25.34
144 | 1 2 3 4 6 7 9 10 11 12 13 15 16 17 18 20 21 23 24 25 26 28 29 30 31 32 33 34 35 36 37 | 39.32 186.02 108.85 200.44 62.00 201.00 35.89 46.97 46.97 73.29 29.73 26.02 23.97 41.70 81.10 22.80 201.56 44.30 15.60 25.30 11.10 40.82 120.06 134.14 18.48 25.34 40.82 120.06 134.14 18.48 25.34
145 | 1 2 3 4 6 7 9 10 11 12 13 15 16 17 18 20 21 23 24 25 26 28 29 30 31 32 33 34 35 36 37 | 39.32 186.02 108.85 200.44 62.00 201.00 35.89 46.97 46.97 73.29 29.73 26.02 23.97 41.70 81.10 22.80 201.56 43.55 14.57 26.31 11.55 40.82 120.06 134.14 18.48 25.34 40.82 120.06 134.14 18.48 25.34
146 | 1 2 3 4 6 7 9 10 11 12 13 15 16 17 18 20 21 23 24 25 26 28 29 30 31 32 33 34 35 36 37 | 39.32 186.02 108.85 200.44 62.00 201.00 35.89 46.97 54.80 73.90 29.73 26.02 23.97 41.70 81.10 22.80 201.56 44.30 15.60 25.30 11.10 40.82 120.06 134.14 18.48 25.34 40.82 120.06 134.14 18.48 25.34
147 | 1 2 3 4 6 7 9 10 11 12 13 15 16 17 18 20 21 23 24 25 26 28 29 30 31 32 33 34 35 36 37 | 39.32 186.02 108.85 200.44 62.00 201.00 35.89 46.97 54.80 73.90 29.73 26.02 23.97 41.70 81.10 22.80 201.56 44.30 15.60 25.30 11.10 40.82 120.06 134.14 18.48 25.34 40.82 120.06 134.14 18.48 25.34
148 | 1 2 3 4 5 6 7 8 10 12 13 14 15 16 17 18 19 20 21 22 23 24 25 26 27 28 29 31 32 33 34 36 37 38 39 40 | 117.60 184.60 40.51 56.60 41.64 40.02 61.60 200.44 211.10 30.80 119.10 135.40 22.70 23.61 30.92 121.75 134.00 18.05 26.15 14.10 37.20 25.10 124.20 131.50 19.25 24.15 212.73 47.60 16.30 27.00 10.70 21.60 119.60 138.20 19.26 23.67
149 | 1 2 3 4 5 6 8 9 10 11 12 14 15 16 17 19 20 21 22 23 24 26 27 28 29 30 32 33 34 35 36 37 38 39 40 41 43 44 45 46 49 50 51 52 53 54 55 56 57 58 | 114.40 137.77 44.83 141.37 114.40 187.77 161.90 122.85 141.47 124.40 21.53 44.83 137.77 114.40 187.77 114.40 141.37 124.40 141.47 122.85 161.90 21.53 162.40 100.69 160.01 103.97 65.30 120.06 140.90 39.70 26.40 124.33 130.53 17.45 25.32 16.60 103.97 160.01 100.69 162.40 65.30 120.06 140.90 39.70 26.40 124.33 130.53 17.45 25.32 16.60
150 | 1 2 3 4 5 6 7 8 10 12 13 14 15 16 17 18 19 20 21 22 23 24 25 26 27 28 29 31 32 33 35 36 37 38 39 | 117.60 184.60 40.51 56.60 41.64 40.02 61.60 200.44 211.10 30.80 119.10 135.40 22.70 23.61 30.92 121.75 134.00 18.05 26.15 14.10 37.20 25.10 124.20 131.50 19.25 24.15 207.73 42.40 20.80 20.80 21.60 119.60 138.20 19.26 23.67
151 | 1 2 3 4 5 6 9 10 11 12 13 14 15 17 18 19 20 21 23 24 25 27 28 29 30 33 34 35 36 37 | 112.86 125.51 117.70 159.10 105.70 162.07 117.70 125.51 130.16 130.16 137.31 115.10 182.61 161.90 122.85 141.47 120.70 21.53 137.31 115.10 182.61 112.86 162.07 105.70 159.10 161.90 122.85 141.47 120.70 21.53
152 | 1 2 3 4 5 6 9 10 11 12 13 14 15 17 18 19 20 21 23 24 25 27 28 29 30 33 34 35 36 37 | 112.86 125.51 117.70 159.10 105.70 162.07 117.70 125.51 130.16 130.16 137.31 115.10 182.61 161.90 122.85 141.47 120.70 21.53 137.31 115.10 182.61 112.86 162.07 105.70 159.10 161.90 120.78 144.02 128.46 64.33
153 | 1 2 4 5 7 8 10 11 12 13 14 15 16 17 18 19 20 22 23 24 25 26 27 28 29 30 31 32 33 34 35 36 37 38 39 40 41 42 43 45 | 40.51 211.10 40.51 207.90 82.40 211.10 46.30 50.57 29.73 49.86 129.89 135.29 18.01 25.79 19.25 19.25 194.90 136.60 128.10 127.90 132.14 127.90 128.10 136.50 132.89 35.18 21.61 45.30 33.10 30.65 11.50 19.30 36.03 125.16 138.35 14.40 141.47 130.38 190.89 15.04
154 | 1 2 4 5 6 8 9 10 11 13 15 16 17 18 19 20 21 22 23 | 102.76 155.78 154.09 122.20 182.94 129.45 147.08 138.65 96.91 57.00 27.55 123.95 131.75 17.80 25.50 93.20 164.60 97.60 163.10
155 | 1 2 3 5 6 8 9 10 11 13 14 15 16 17 19 20 21 22 23 24 25 26 27 28 29 30 31 32 | 154.90 117.10 181.72 103.10 157.00 95.82 163.77 111.10 161.24 21.90 123.01 132.34 17.80 25.60 108.40 143.97 147.08 118.80 25.50 124.30 136.10 41.40 26.25 124.03 130.53 17.45 25.32 16.00
156 | 1 2 3 4 5 6 7 9 10 12 13 14 15 18 19 22 23 24 25 26 27 28 29 31 | 75.24 46.58 51.64 82.54 139.40 135.66 182.99 107.20 161.10 97.79 164.66 97.88 163.07 82.54 194.80 87.05 25.65 25.65 37.41 115.99 137.13 18.16 25.89 51.91
157 | 1 2 3 5 6 8 9 10 11 12 13 14 16 17 19 20 21 22 23 24 25 26 27 | 153.60 103.50 181.31 119.60 145.22 137.06 145.22 112.70 123.40 121.39 129.64 79.05 28.55 28.55 162.20 98.30 163.11 112.00 23.20 122.45 133.30 18.26 25.68
158 | 1 2 3 5 6 8 9 10 11 13 14 15 16 17 18 19 20 21 22 24 25 26 27 28 29 30 31 32 | 145.81 122.00 181.28 106.07 156.00 110.08 157.75 112.50 161.24 22.50 123.90 123.10 41.40 26.25 124.03 130.53 17.45 25.32 16.00 81.10 124.93 118.46 27.04 27.04 116.00 124.20 120.53 148.29
159 | 1 3 4 6 7 8 9 10 11 12 13 15 16 17 18 19 20 21 22 24 25 26 27 | 182.00 121.37 145.22 144.20 108.00 161.24 103.70 154.45 131.65 50.27 88.23 14.00 25.30 25.30 22.10 121.80 132.70 18.26 25.68 131.53 147.35 107.60 128.17
160 | 1 2 3 5 6 7 9 10 11 12 14 15 16 17 18 20 21 22 23 24 | 135.13 111.44 186.78 114.57 132.20 181.95 119.55 147.29 124.09 161.71 21.38 162.77 100.69 160.01 107.33 66.84 119.73 137.88 19.30 26.60
161 | 1 2 3 5 6 8 9 10 11 14 15 16 17 18 19 20 21 22 | 145.81 120.90 181.40 102.99 156.00 104.10 156.10 95.00 161.43 78.37 128.80 114.20 28.28 28.28 115.90 124.20 120.53 148.29
162 | 1 2 3 4 5 6 8 9 10 11 13 14 15 16 17 18 20 21 22 23 25 26 27 28 29 30 32 33 34 35 36 38 39 40 41 42 43 45 46 47 48 50 | 114.40 137.77 44.83 141.37 115.87 190.52 155.12 106.83 156.07 112.24 55.92 133.66 141.20 34.40 23.40 23.40 44.83 137.77 114.40 190.52 115.87 138.94 112.24 156.07 106.83 155.12 133.66 141.20 34.40 23.40 23.40 55.92 161.90 122.85 141.47 125.25 21.53 125.25 141.47 122.85 161.90 21.53
163 | 1 2 3 5 6 7 9 10 11 12 14 15 17 18 19 21 22 23 24 25 26 | 133.00 113.50 191.50 110.32 133.98 181.80 102.30 159.42 110.29 160.53 45.42 212.60 40.86 18.16 18.16 55.81 162.60 124.09 147.29 119.55 21.38
164 | 1 2 3 5 6 8 9 10 11 14 15 16 17 19 21 | 144.70 121.85 181.72 107.02 155.78 93.20 164.60 97.88 163.07 108.40 152.36 137.23 142.10 61.43 60.86
165 | 1 2 3 5 6 8 9 10 11 14 16 17 18 19 | 155.78 120.45 181.28 116.76 151.90 93.00 158.30 130.30 154.30 59.80 126.20 124.60 135.55 118.06
166 | 1 2 3 5 6 8 9 10 11 14 15 16 17 18 | 156.35 108.74 181.72 122.00 154.57 96.91 146.90 145.90 108.40 56.10 161.80 110.10 136.20 107.00
167 | 1 2 4 5 6 8 9 10 11 14 15 16 17 18 | 119.45 136.50 153.07 111.75 183.45 145.10 146.80 124.10 113.00 60.90 144.25 117.44 124.20 126.41
168 | 1 2 4 5 6 8 9 10 11 13 14 15 16 | 122.00 151.00 151.00 122.00 175.20 115.38 148.13 115.62 113.03 113.03 115.62 148.13 115.38
169 | 1 2 4 5 6 8 9 10 11 12 13 14 15 17 | 111.75 149.30 155.13 122.08 173.00 126.49 124.30 135.55 117.53 113.00 124.10 146.80 145.10 60.90
170 | 1 3 4 6 7 8 9 10 11 13 14 15 16 | 177.10 121.30 156.10 151.00 122.00 115.38 148.13 115.62 113.03 118.07 135.55 124.78 126.60
171 | 1 2 4 5 6 8 9 10 11 14 16 17 18 19 20 | 119.45 136.50 155.78 109.20 183.45 149.03 137.88 153.89 93.00 61.43 61.83 144.25 117.44 124.20 126.41
172 | 1 2 3 4 5 7 8 9 10 11 12 13 14 15 16 17 18 19 20 21 22 23 24 25 26 27 28 | 153.90 118.10 22.34 31.17 74.70 37.90 22.87 124.78 134.62 39.70 26.95 124.89 134.20 39.20 26.50 124.03 130.53 17.45 25.32 15.83 15.50 25.60 113.84 154.23 115.30 131.22 16.37
173 | 2 3 4 5 6 7 8 9 10 11 12 13 14 15 16 17 18 19 20 21 | 62.68 32.83 25.93 29.42 29.40 29.75 29.42 29.50 29.50 29.50 29.50 29.50 29.50 29.42 29.07 29.04 28.72 32.04 22.15 13.97
174 | 1 2 4 5 6 8 9 10 11 13 14 15 17 18 20 21 22 23 24 25 26 27 28 30 | 122.20 155.70 155.78 104.00 181.90 161.24 116.75 160.84 93.50 17.17 41.00 71.85 29.30 29.30 101.60 154.50 142.70 137.00 26.23 123.54 131.78 17.80 25.50 62.00
175 | 1 2 3 5 6 7 8 9 10 11 13 14 15 16 17 18 19 20 21 22 23 24 25 26 27 29 30 31 32 33 | 139.27 115.87 191.50 115.87 139.27 33.37 134.99 140.72 118.84 161.90 20.35 26.28 123.17 132.04 20.95 23.17 160.53 109.87 155.12 124.18 26.23 123.54 131.78 17.80 25.50 21.67 123.10 131.81 17.80 25.60
176 | 1 2 3 5 6 8 9 10 11 12 13 14 15 16 19 20 21 22 | 155.78 102.76 182.01 122.20 155.70 100.37 155.25 140.75 129.45 27.55 123.95 131.75 17.80 25.50 163.10 97.60 164.60 93.20
177 | 1 2 3 5 6 8 9 10 11 13 14 15 16 19 | 155.78 116.76 182.61 107.02 156.35 107.00 136.20 110.54 161.80 155.20 133.00 158.30 93.00 59.80
178 | 1 2 3 5 6 8 9 10 11 13 14 15 16 18 | 140.90 107.27 181.28 122.00 155.74 113.03 115.62 148.13 115.38 161.67 118.75 115.50 150.63 56.02
179 | 1 2 4 5 6 8 9 10 11 14 15 16 17 18 20 | 114.30 149.80 149.80 114.30 174.60 145.10 146.80 124.10 113.00 60.90 113.00 124.10 146.80 145.10 60.90
180 | 2 3 4 6 7 8 9 10 11 13 14 15 16 18 20 22 | 144.70 114.80 175.31 122.00 155.74 113.03 115.62 148.13 115.38 106.92 151.84 145.85 142.10 61.43 61.20 56.30
181 | 1 2 4 5 6 8 9 10 11 13 14 15 16 18 20 | 111.75 155.78 156.35 103.50 182.61 161.80 110.54 136.20 107.00 93.00 153.89 137.88 149.03 61.83 61.43
182 | 1 2 3 5 6 8 9 10 11 13 14 16 18 19 20 21 22 23 26 27 28 29 30 | 155.78 107.02 181.72 121.37 147.36 131.10 143.20 110.96 128.17 77.70 80.30 61.63 126.70 111.70 147.80 147.30 115.40 120.70 56.22 163.07 97.88 164.60 93.20
183 | 1 2 4 5 6 8 9 10 11 13 14 15 16 17 18 19 20 21 22 24 25 26 27 | 121.37 145.22 156.20 103.10 181.72 162.80 108.62 165.60 95.82 45.10 40.40 41.23 44.62 41.93 148.07 109.96 20.53 26.85 26.85 153.47 149.50 117.79 127.86
184 | 1 2 4 5 6 7 8 9 12 14 15 16 17 18 | 139.26 197.90 110.20 156.40 96.33 165.40 96.33 156.40 55.50 108.35 159.66 107.54 159.66 108.35
185 | 1 2 4 5 6 7 8 9 11 13 14 15 18 21 23 24 25 26 27 | 144.34 198.96 109.41 163.68 96.13 166.29 95.68 159.79 108.25 86.68 78.07 83.14 63.60 56.40 108.35 159.66 107.54 159.66 108.35
186 | 1 2 3 5 6 8 9 10 11 13 15 16 18 20 21 22 23 24 25 27 29 30 31 32 | 155.70 108.74 181.72 121.85 147.36 137.57 137.23 151.84 106.92 56.30 77.50 80.00 60.51 121.18 147.08 148.43 113.75 129.03 123.60 56.10 161.80 110.10 137.10 107.30
187 | 1 2 3 5 6 8 9 10 11 13 15 16 18 20 21 22 23 24 25 28 30 31 32 33 34 | 155.70 108.74 181.72 121.85 147.36 137.57 137.23 151.84 106.92 56.30 77.50 80.00 60.51 121.18 159.70 96.91 146.90 140.50 114.90 56.10 56.30 161.80 110.10 137.10 107.30
188 | 1 2 3 5 6 8 9 10 11 13 15 16 18 20 21 22 23 24 25 27 30 31 32 33 34 | 155.70 108.74 181.72 121.85 147.36 137.57 137.23 151.84 106.92 56.30 76.34 78.21 60.51 125.97 105.44 147.95 136.10 147.95 105.44 56.15 56.15 161.80 110.10 137.10 107.30
189 | 1 2 3 5 6 8 9 10 11 13 15 16 18 20 21 22 23 24 25 27 30 31 32 33 34 36 | 153.07 106.07 183.45 121.85 147.36 137.57 137.23 151.84 106.92 56.30 81.81 78.21 61.05 130.09 105.29 148.48 136.10 148.48 105.29 56.15 56.15 158.93 102.95 134.21 107.08 55.83
190 | 1 2 3 5 6 8 9 10 11 13 14 16 18 19 20 21 22 23 25 28 29 30 31 32 | 155.78 107.02 181.72 121.37 147.36 131.10 143.20 110.96 128.17 76.80 78.10 59.90 125.80 105.50 149.60 138.55 149.60 105.50 56.27 56.27 163.07 97.88 164.60 93.20
191 | 1 2 4 5 6 7 8 9 13 14 15 16 17 20 22 23 24 25 29 | 131.81 185.00 109.40 164.70 94.40 165.90 94.40 164.70 156.07 113.03 115.62 148.13 115.38 102.14 77.25 69.69 76.10 74.06 61.08
192 | 1 2 3 5 6 8 9 10 11 13 15 16 18 20 21 22 23 24 25 28 29 30 31 32 34 | 153.07 106.07 183.45 121.85 147.36 137.57 137.23 151.84 106.92 56.30 78.60 80.30 61.63 131.12 111.70 147.80 147.30 115.40 119.74 56.22 158.93 102.95 134.21 107.08 55.83
193 | 1 2 3 5 6 8 9 10 11 14 15 16 17 18 20 21 22 23 24 | 156.20 103.10 181.72 121.37 147.36 137.88 151.47 115.40 128.17 61.43 161.24 111.10 163.80 93.50 21.90 123.01 132.34 17.80 25.60
194 | 1 2 4 5 6 8 9 10 11 14 15 16 17 18 19 20 21 22 25 26 27 28 29 | 107.27 153.60 156.07 110.14 184.90 121.50 135.76 150.47 100.37 77.43 132.31 120.99 26.84 26.84 112.00 163.11 99.02 163.07 23.20 122.45 133.30 18.26 25.68
195 | 1 2 4 5 6 8 9 10 11 13 14 15 16 17 18 19 20 21 22 24 25 26 27 30 | 121.37 147.36 156.20 103.10 181.72 162.80 108.62 165.60 95.82 45.10 40.40 41.23 44.62 41.93 148.07 109.96 20.53 26.85 26.85 137.88 151.47 115.40 128.17 61.43
196 | 1 2 3 5 6 8 9 10 11 14 15 16 17 18 19 20 21 22 23 24 25 26 27 28 29 30 31 32 | 153.60 103.50 181.40 121.37 145.22 131.53 147.35 107.60 128.17 162.20 99.02 165.30 107.80 27.80 47.80 33.09 123.10 134.67 39.12 26.35 124.03 130.53 17.45 25.32 14.70 149.10 111.20 19.10
197 | 1 2 3 4 5 6 8 9 10 11 12 13 14 15 18 19 20 22 23 25 | 103.30 161.80 99.50 137.90 107.10 156.10 153.80 108.40 132.90 126.00 24.20 158.80 98.50 163.20 117.30 122.43 81.10 28.47 28.47 55.60
198 | 1 2 3 4 5 6 7 9 10 11 12 13 14 16 17 18 20 21 23 24 25 26 27 | 161.24 108.20 155.80 110.29 154.90 104.10 198.90 140.30 128.20 127.97 132.40 127.97 128.20 77.10 74.72 33.16 23.10 23.10 21.20 123.10 131.81 17.80 25.60
199 | 1 2 3 4 5 6 7 8 9 10 11 13 14 15 16 18 19 21 22 23 24 25 26 | 163.10 119.45 128.63 125.75 155.23 103.70 22.10 121.80 132.70 18.26 25.68 89.00 71.70 24.20 24.20 30.58 198.47 138.04 129.16 128.46 132.40 128.46 129.16
200 | 1 2 3 4 5 6 7 9 10 11 12 13 14 16 17 18 19 21 23 24 25 26 27 | 161.24 108.20 158.70 103.90 160.80 104.10 198.90 140.30 128.20 127.97 132.40 127.97 128.20 91.00 71.00 24.70 24.70 27.00 21.20 123.10 131.81 17.80 25.60
201 | 1 2 3 4 5 6 7 8 9 10 11 13 15 16 17 18 19 20 21 22 24 26 27 28 29 30 31 | 161.20 104.80 160.91 110.30 153.90 103.70 22.10 121.80 132.70 18.26 25.68 169.64 35.21 40.00 137.31 127.15 128.70 126.80 128.70 127.15 197.20 140.10 127.70 129.30 132.40 129.30 127.70
202 | 1 2 3 4 5 6 7 9 10 11 12 13 14 16 18 19 20 21 22 23 24 25 27 28 29 30 31 | 161.24 109.87 154.64 113.59 154.90 104.10 198.90 140.30 128.20 127.97 132.40 127.97 128.20 169.64 35.21 40.00 137.31 127.15 128.70 127.50 128.70 127.15 21.67 123.10 131.81 17.80 25.60
203 | 1 2 3 5 6 8 9 10 11 13 14 15 16 18 | 145.22 107.27 182.61 107.02 155.70 107.30 136.45 110.54 161.80 163.07 99.81 158.20 137.88 61.43
204 | 1 2 4 5 6 8 9 10 11 14 15 16 17 18 | 108.74 155.70 145.00 121.37 181.72 128.17 110.96 148.41 135.91 56.34 107.30 137.10 110.10 161.80
205 | 1 2 4 5 6 8 9 10 11 13 14 15 16 17 | 108.74 156.35 151.00 122.00 181.31 105.60 155.90 123.60 119.30 55.70 107.00 136.20 110.10 161.80
206 | 1 2 4 5 6 8 9 10 11 12 13 14 15 | 109.00 156.40 156.30 120.70 182.30 126.10 124.60 134.97 117.90 107.00 136.20 110.10 162.10
207 | 1 2 4 5 6 8 9 10 11 13 15 16 17 18 19 | 121.30 155.78 150.10 122.00 177.10 105.70 143.90 151.24 96.91 56.20 56.00 118.06 135.55 124.78 126.60
208 | 1 2 4 5 6 8 9 10 11 13 14 15 16 17 | 121.30 156.10 151.00 122.00 177.10 105.60 155.90 123.60 119.30 55.70 118.07 135.55 124.78 126.60
209 | 1 2 3 4 5 6 8 9 10 11 12 13 14 15 16 17 19 21 22 23 24 25 26 28 29 30 31 32 33 34 35 36 37 | 46.70 39.40 58.90 198.30 116.50 193.50 69.00 48.30 24.70 24.70 26.60 119.80 135.00 18.30 26.00 207.90 197.90 137.30 129.60 128.25 132.13 128.25 129.60 31.20 120.90 135.00 18.40 26.20 29.40 124.80 133.53 21.99 21.99
210 | 1 2 3 5 6 8 9 10 11 13 15 16 18 20 21 22 23 24 25 27 30 31 32 33 34 | 155.60 120.50 175.00 114.80 147.36 137.57 137.23 151.84 106.92 56.30 76.34 78.21 60.51 125.97 105.44 147.95 136.10 147.95 105.44 56.15 56.15 125.90 124.78 134.71 118.30
211 | 1 2 3 5 6 7 8 9 10 11 12 13 14 15 16 17 19 20 21 22 23 24 25 26 27 28 29 30 31 33 | 146.09 114.10 193.70 121.75 176.20 39.32 40.82 120.06 134.14 18.48 25.34 40.82 120.06 134.14 18.48 25.34 87.05 42.37 14.77 25.65 25.65 159.01 109.10 133.40 121.59 118.62 136.40 110.30 153.10 21.40
212 | 1 2 3 4 5 6 8 9 10 11 12 13 14 15 16 17 19 20 21 22 23 24 26 28 29 31 32 33 34 35 | 115.87 141.61 121.59 132.40 114.10 155.86 156.90 119.30 142.70 131.80 27.50 122.30 134.60 18.10 25.70 20.80 40.51 43.15 74.73 39.32 40.70 196.94 215.10 25.30 25.30 36.03 118.73 135.29 20.12 24.99
213 | 1 3 4 5 6 7 8 9 10 11 12 13 14 15 16 18 20 21 22 23 24 26 28 30 31 32 33 | 183.73 117.07 184.60 48.43 176.11 116.91 42.84 46.97 81.10 40.67 30.74 44.19 146.06 112.52 19.10 22.80 86.97 26.30 71.71 25.29 25.29 21.79 201.56 44.30 14.57 26.31 11.55
214 | 1 2 3 4 5 6 7 9 10 11 12 14 16 17 18 19 21 22 23 24 25 26 28 30 31 32 33 | 29.73 62.00 35.89 46.97 46.97 73.29 26.02 23.97 41.70 81.10 22.80 200.44 108.85 184.60 40.51 211.20 36.03 118.73 135.29 20.12 24.99 21.79 201.56 43.55 14.57 26.31 11.55
215 | 1 2 3 5 6 8 9 10 11 13 14 16 18 19 20 21 22 23 25 28 29 30 31 32 34 | 155.78 107.02 181.72 121.37 147.36 131.10 143.20 110.96 128.17 76.80 78.10 59.90 125.80 105.50 149.60 138.55 149.60 105.50 56.27 56.27 162.90 97.15 167.74 93.02 56.40
216 | 1 2 3 5 6 8 9 10 11 13 15 16 18 20 21 22 23 24 25 27 29 30 31 32 | 155.60 120.50 175.00 114.80 147.36 137.57 137.23 151.84 106.92 56.30 76.90 80.00 60.51 126.70 120.70 115.40 147.30 147.80 111.70 55.70 125.90 124.78 134.71 118.30
217 | 1 2 3 4 5 6 8 9 10 11 13 15 17 18 20 21 22 23 | 113.03 157.70 122.20 129.58 161.68 113.03 88.30 28.00 61.50 47.40 66.40 182.94 103.50 153.07 107.08 136.45 110.11 161.67
218 | 1 2 3 4 5 6 8 9 10 11 13 15 16 18 19 20 21 23 24 25 26 27 28 29 30 31 32 33 34 35 36 37 38 | 40.51 35.89 50.57 40.70 40.51 97.76 71.17 39.32 25.30 25.30 211.10 40.51 211.10 46.30 19.25 19.25 194.90 136.60 128.10 127.90 132.14 127.90 128.10 36.03 118.73 135.29 20.12 24.99 36.03 118.73 135.29 20.12 24.99
219 | 1 2 3 4 5 6 7 8 10 11 12 13 14 16 17 18 19 20 22 24 25 26 27 28 29 30 31 33 34 35 36 37 38 | 78.60 48.15 43.00 37.50 60.00 176.11 115.70 190.10 25.70 120.36 133.59 19.26 23.67 90.70 28.90 69.20 25.60 25.60 211.10 27.90 122.50 133.60 17.80 25.90 19.62 19.62 193.33 136.65 128.25 128.00 132.14 128.00 128.25
220 | 1 2 3 4 6 7 8 9 10 11 12 14 15 16 17 18 19 20 23 24 25 26 27 29 30 31 32 33 34 35 36 37 38 | 44.47 40.53 61.60 200.44 117.60 176.11 72.50 48.70 20.65 20.65 193.20 137.30 128.70 128.10 132.14 128.10 128.70 211.10 92.60 26.20 72.10 25.25 25.25 30.80 119.10 135.40 22.70 23.61 28.23 123.17 133.53 21.99 21.99
221 | 1 2 3 4 6 7 8 9 10 11 12 13 14 15 18 19 20 21 22 24 26 27 28 29 30 31 32 33 34 35 36 37 38 | 43.80 48.10 79.20 188.00 117.60 176.20 55.90 39.60 27.60 118.40 135.40 22.10 22.10 206.50 92.60 26.20 72.10 25.25 25.25 193.40 136.65 128.25 127.90 132.14 127.90 128.25 19.62 19.62 28.90 122.35 133.60 17.80 25.90
222 | 1 2 3 4 5 6 7 8 10 12 13 14 15 16 17 19 20 21 22 23 25 27 28 29 30 31 32 33 34 35 36 37 38 | 69.00 48.30 43.00 37.50 60.00 176.11 119.10 193.50 192.00 137.20 129.20 128.25 132.13 128.25 129.20 90.70 28.90 69.20 25.60 25.60 211.35 27.90 122.50 133.53 21.99 21.99 24.70 24.70 26.60 119.80 135.00 18.30 26.00
223 | 1 2 4 5 7 8 10 11 12 13 14 16 17 18 19 20 21 23 24 25 26 27 28 29 30 31 32 33 34 35 36 37 38 | 40.51 207.90 61.60 211.10 40.51 211.10 46.30 50.57 35.89 55.55 63.63 58.87 22.10 22.10 19.25 19.25 194.90 136.60 128.10 127.90 132.14 127.90 128.10 35.15 118.32 135.21 22.70 23.61 36.03 118.73 135.29 20.12 24.99
224 | 1 2 3 4 5 6 7 8 9 10 11 12 13 14 15 16 17 18 19 20 21 22 23 24 25 26 27 28 29 30 | 26.75 76.25 37.60 40.20 35.85 35.90 53.78 134.94 122.77 24.40 22.27 30.56 26.60 125.80 134.97 40.10 26.95 124.89 134.20 39.20 26.50 124.03 130.53 17.45 25.32 15.83 15.57 15.19 25.52 25.52
225 | 1 2 4 5 6 8 9 10 11 13 14 15 16 18 | 114.30 149.30 156.35 103.50 182.61 161.80 110.54 136.20 107.00 113.00 124.10 146.80 145.10 60.90
226 | 1 2 3 5 6 8 9 10 11 14 15 16 17 18 19 20 21 22 24 | 154.90 102.99 181.31 122.00 156.07 100.37 151.18 145.40 108.40 162.20 98.04 162.84 108.09 73.65 71.05 79.00 70.80 81.40 61.85
227 | 1 2 3 5 6 7 9 10 11 12 14 15 16 17 18 19 20 21 22 23 24 25 26 27 28 | 143.12 107.74 192.80 112.75 140.56 61.10 131.32 147.54 118.99 160.56 20.59 25.73 123.55 132.04 20.95 23.17 163.98 102.47 164.43 122.03 25.55 123.44 131.48 17.80 25.50
228 | 1 2 3 5 6 7 9 10 11 12 14 15 16 17 18 19 20 21 22 23 24 25 26 27 28 30 31 32 33 34 | 143.12 115.87 191.50 112.75 140.56 72.67 131.32 147.54 118.99 160.56 20.59 25.73 123.55 132.04 20.95 23.17 160.53 109.87 155.12 124.18 26.23 123.54 131.78 17.80 25.50 21.67 123.10 131.81 17.80 25.60
229 | 1 2 3 5 6 7 9 10 11 12 13 16 17 18 19 21 22 23 24 25 26 27 28 29 30 31 | 135.50 114.60 191.10 110.10 136.30 68.20 50.00 119.80 167.00 98.00 165.50 91.60 28.00 71.70 25.30 25.30 160.70 120.00 148.00 131.90 27.40 122.40 132.04 20.95 23.17 20.80
230 | 1 2 3 4 5 6 7 8 9 10 11 12 13 14 15 17 19 20 21 24 25 26 27 28 30 | 142.70 119.30 156.90 114.10 132.40 131.80 27.50 122.30 134.60 18.10 25.70 121.60 132.50 105.10 167.00 187.70 123.70 154.90 179.50 22.10 119.26 134.02 19.26 23.67 20.80
231 | 1 2 3 4 5 6 7 8 10 12 14 15 16 17 18 19 20 21 22 23 24 25 26 27 28 29 30 31 32 33 34 | 107.85 157.15 40.70 26.18 41.64 40.51 83.86 202.67 215.10 208.50 47.60 27.00 10.70 16.30 21.79 34.77 23.12 124.10 134.97 15.57 39.50 26.50 124.03 130.53 17.45 25.32 30.92 122.67 133.61 21.99 21.99
232 | 1 2 3 4 5 6 7 8 10 12 14 15 16 17 18 19 20 21 22 23 24 25 26 27 28 29 30 31 32 33 | 107.85 157.15 40.70 26.18 41.64 40.51 83.86 202.67 212.73 206.70 42.40 20.80 20.80 21.79 34.77 23.12 124.10 134.97 15.57 39.50 26.50 124.03 130.53 17.45 25.32 30.92 122.67 133.61 21.99 21.99
233 | 1 2 3 4 5 7 8 9 10 11 12 13 14 15 16 17 18 19 20 21 22 23 24 25 26 27 28 30 31 32 33 | 154.90 111.84 29.38 40.20 80.28 23.72 35.20 23.40 124.78 134.62 16.97 35.60 26.50 124.03 130.53 17.45 25.32 30.90 122.45 133.82 18.80 26.01 160.84 99.02 163.07 107.27 200.95 46.24 16.53 26.94 11.82
234 | 1 2 4 5 6 8 9 10 11 13 14 15 16 | 116.76 153.07 136.50 121.37 181.72 115.94 124.20 117.44 144.25 113.00 123.90 137.30 143.50
235 | 1 2 3 4 5 6 7 8 9 10 11 13 19 20 21 23 24 25 | 162.50 98.00 161.30 105.04 156.44 103.60 73.65 71.05 78.60 70.40 81.50 61.40 158.82 107.85 180.54 34.94 19.66 19.66
236 | 1 2 3 4 5 6 8 9 11 12 13 14 15 16 19 20 21 23 24 25 26 27 28 29 31 32 34 35 36 39 40 41 43 44 45 46 | 161.43 102.99 154.90 109.54 161.68 96.44 80.18 78.02 149.00 110.96 128.17 121.37 145.22 135.91 156.00 102.99 181.40 161.43 95.00 156.10 104.10 114.20 128.80 78.37 28.28 28.28 71.97 25.73 25.73 145.22 121.37 181.40 128.17 107.60 147.35 131.53
237 | 1 2 3 4 5 6 7 9 10 11 12 13 15 17 18 19 20 21 22 | 159.96 106.07 158.04 105.63 154.90 114.88 8.65 78.81 127.16 115.77 27.48 27.48 198.73 140.83 127.96 127.97 132.40 127.97 127.96
238 | 1 2 3 4 5 6 7 9 10 11 12 13 14 16 17 18 19 20 22 | 159.96 114.88 159.68 106.83 152.52 106.07 198.73 140.83 127.96 127.97 132.40 127.97 127.96 77.83 128.79 116.20 28.00 28.00 8.65
239 | 1 2 3 4 5 6 8 9 10 11 12 13 14 16 18 19 20 22 23 24 25 26 29 30 32 34 35 36 | 117.07 186.02 39.32 186.02 116.91 183.73 40.17 110.29 151.20 106.83 153.90 104.00 161.24 209.55 40.38 18.69 18.69 78.81 128.79 116.20 27.48 27.48 25.30 25.30 208.60 35.20 19.10 19.10
240 | 1 2 3 4 5 6 7 8 10 11 13 14 16 17 19 20 21 22 23 24 25 26 27 28 29 30 31 33 34 35 36 37 38 | 79.20 48.10 43.80 39.60 55.90 176.20 117.60 188.00 26.20 92.60 72.10 25.25 25.25 206.50 27.60 118.40 135.40 22.10 22.10 28.90 122.35 133.60 17.80 25.90 19.62 19.62 193.40 136.65 128.25 127.90 132.14 127.90 128.25
241 | 1 2 3 4 5 6 7 8 10 11 13 14 16 17 19 20 21 22 23 24 25 26 27 28 29 30 31 33 34 35 36 37 38 | 79.20 48.10 43.80 39.60 55.90 176.20 117.60 188.00 26.20 92.60 72.10 25.25 25.25 206.50 27.60 118.40 135.40 22.10 22.10 28.90 122.35 133.60 17.80 25.90 19.62 19.62 193.40 136.65 128.25 127.90 132.14 127.90 128.25
242 | 1 2 3 4 5 6 7 8 10 11 13 14 16 17 19 20 21 22 23 24 25 26 27 28 30 31 32 34 35 36 37 38 39 | 78.60 46.71 48.00 40.53 55.90 176.20 117.60 188.00 26.20 92.60 72.10 25.25 25.25 206.50 27.60 118.40 135.40 22.10 22.10 130.00 137.60 81.90 25.00 25.00 20.44 20.44 193.33 136.65 128.25 127.90 132.14 127.90 128.25
243 | 1 2 3 4 5 6 7 8 10 11 13 14 15 17 18 19 20 22 23 25 26 27 28 29 30 31 32 34 35 36 37 38 39 | 78.60 48.15 43.00 37.50 60.00 176.11 116.91 190.10 41.70 76.20 147.90 110.20 18.00 90.70 28.90 69.20 25.60 25.60 211.10 27.90 122.50 133.53 21.99 21.99 19.62 19.62 193.33 136.65 128.25 128.00 132.14 128.00 128.25
244 | 1 2 3 4 5 6 7 8 10 11 13 14 15 17 18 19 20 22 23 25 26 27 28 29 31 32 33 35 36 37 38 39 40 | 78.60 46.71 49.12 40.53 60.00 176.11 116.91 190.10 41.70 76.20 147.90 110.20 18.00 90.70 28.90 69.20 25.60 25.60 211.10 130.00 137.60 81.90 25.00 25.00 20.44 20.44 193.33 136.65 128.25 128.00 132.14 128.00 128.25
245 | 1 2 3 4 5 6 7 8 10 11 12 13 14 16 17 18 19 21 22 24 25 26 27 28 30 31 32 34 35 36 37 38 39 | 78.60 46.71 49.12 40.53 60.00 176.11 115.70 190.10 25.70 120.36 133.59 19.26 23.67 90.70 28.90 69.20 25.60 25.60 211.10 130.00 137.60 81.90 25.00 25.00 20.44 20.44 193.33 136.65 128.25 128.00 132.14 128.00 128.25
246 | 1 2 3 4 5 6 7 8 10 11 12 13 14 16 17 18 19 21 22 24 25 26 27 28 29 30 31 33 34 35 36 37 38 | 78.60 48.15 43.00 37.50 60.00 176.11 115.70 190.10 25.70 120.36 133.59 19.26 23.67 90.70 28.90 69.20 25.60 25.60 211.10 27.90 122.50 133.53 21.99 21.99 19.62 19.62 193.33 136.65 128.25 128.00 132.14 128.00 128.25
247 | 1 2 3 4 5 6 7 8 10 12 13 14 15 16 17 19 20 21 22 24 25 27 28 29 30 31 33 34 35 36 37 38 39 | 69.00 46.71 49.12 40.02 60.00 176.11 119.10 193.50 192.00 137.20 129.20 128.25 132.13 128.25 129.20 90.70 28.90 69.20 25.60 25.60 211.35 130.00 137.60 81.90 25.00 25.00 20.44 20.44 26.60 119.80 135.00 18.30 26.00
248 | 1 2 3 4 5 6 7 8 10 12 13 14 15 16 17 19 20 21 22 24 25 27 28 29 30 31 32 33 34 35 36 37 38 | 69.00 48.30 43.00 37.50 60.00 176.11 119.10 193.50 192.00 137.20 129.20 128.25 132.13 128.25 129.20 90.70 28.90 69.20 25.60 25.60 211.35 27.90 122.50 133.60 17.80 25.90 24.70 24.70 26.60 119.80 135.00 18.30 26.00
249 | 1 2 4 5 7 8 10 11 12 13 14 15 16 17 18 19 20 21 22 23 24 25 26 27 28 29 30 32 33 34 35 36 37 | 40.51 211.10 66.10 207.90 40.51 211.10 46.71 50.57 40.70 129.89 135.29 18.01 25.79 35.89 20.44 20.44 36.03 118.73 135.00 18.30 26.00 35.15 118.32 135.21 22.70 23.61 194.90 136.60 128.10 127.90 132.14 127.90 128.10
250 | 1 2 3 4 5 6 7 8 10 11 12 13 14 15 17 18 19 20 21 22 23 24 26 28 29 30 31 32 33 | 116.50 184.60 40.51 46.71 44.47 40.02 61.60 196.60 30.80 119.10 135.40 22.70 23.61 189.81 28.23 123.17 133.60 17.80 25.90 20.44 20.44 21.79 197.90 137.30 129.60 128.25 132.13 128.25 129.60
251 | 1 2 3 4 5 6 8 9 10 11 12 13 14 15 16 17 20 22 23 24 | 99.02 163.07 103.20 161.24 116.75 160.84 18.40 41.30 73.00 43.00 23.90 126.50 131.80 17.75 25.77 27.90 210.30 39.10 19.30 19.30
252 | 1 2 3 4 5 6 8 10 11 12 15 16 17 18 19 20 21 22 23 24 | 106.30 156.07 96.44 157.60 103.20 161.24 210.30 39.10 19.30 19.30 80.28 52.86 29.38 32.00 31.20 24.84 35.70 28.65 28.65 23.38
253 | 1 2 3 5 7 8 10 12 13 14 15 16 17 | 159.45 104.14 203.36 93.30 51.56 73.49 176.44 146.83 111.81 21.79 34.94 19.66 19.66
254 | 1 2 3 5 7 8 10 12 13 14 15 16 17 18 19 20 | 147.20 104.14 204.80 93.30 51.56 73.49 177.28 146.83 111.81 21.79 129.51 126.05 129.02 131.80 129.02 126.05
255 | 1 2 3 4 5 6 9 10 11 12 14 15 17 18 20 21 22 23 | 102.02 155.70 122.20 129.58 147.18 147.18 91.37 28.00 71.68 25.06 25.06 182.01 102.76 155.78 93.20 164.60 97.60 163.10
256 | 1 2 3 4 5 6 9 10 12 13 15 16 18 19 21 22 23 24 | 102.02 154.09 115.87 126.72 147.18 147.18 80.18 70.45 72.64 26.60 26.60 182.01 102.76 155.78 93.20 164.60 97.60 163.10
257 | 1 2 3 4 5 6 9 10 11 12 13 15 17 18 20 21 22 23 | 100.37 155.70 122.20 124.18 140.75 155.25 37.56 76.42 146.92 110.61 18.06 182.01 102.76 155.78 93.20 164.60 97.60 163.10
258 | 1 2 3 4 5 6 8 9 10 11 12 14 16 17 19 20 21 22 | 113.03 157.70 122.20 124.18 152.77 115.60 43.50 76.42 146.92 110.61 18.06 184.90 102.76 155.78 93.20 164.60 97.60 163.10
259 | 1 2 3 4 5 6 9 10 11 12 13 14 16 17 19 20 21 22 | 102.02 155.70 122.20 124.18 142.40 147.18 75.20 32.82 20.94 26.80 26.80 182.01 102.76 155.78 93.20 164.60 97.60 163.10
260 | 1 2 3 4 5 6 9 10 12 13 15 16 18 19 20 21 | 102.02 155.70 122.20 129.58 147.18 147.18 104.23 28.70 55.30 182.01 102.76 155.78 93.20 164.60 97.60 163.10
261 | 1 2 3 4 5 6 8 10 11 13 14 15 16 17 18 19 20 21 22 23 24 25 26 30 31 32 33 34 | 111.10 163.80 93.50 155.60 104.00 161.50 182.94 115.87 147.10 147.18 103.29 160.76 124.18 26.16 121.45 139.20 16.30 39.60 26.25 124.03 130.53 17.45 25.32 21.90 123.01 132.34 17.80 25.60
262 | 1 2 3 4 5 6 8 10 11 13 14 15 16 17 18 19 20 21 25 26 27 28 29 | 111.10 163.80 93.50 155.60 104.00 161.50 182.94 115.87 147.10 147.18 103.29 160.76 124.18 26.23 123.54 131.78 17.80 25.50 21.90 123.01 132.34 17.80 25.60
263 | 1 2 3 4 5 6 8 10 11 13 14 15 16 17 18 19 20 21 23 25 27 28 29 30 31 | 111.10 163.80 93.50 155.60 104.00 161.50 182.94 115.87 145.22 153.05 96.91 157.85 124.18 26.23 123.54 131.78 17.80 25.50 55.90 56.22 21.90 123.01 132.34 17.80 25.60
264 | 1 2 3 5 6 8 9 10 11 13 14 16 17 18 19 20 21 22 26 27 28 29 30 | 147.10 115.87 182.94 104.00 155.78 93.74 166.70 109.10 161.24 31.00 88.70 144.00 112.70 17.20 129.45 147.08 135.64 136.40 27.55 123.95 131.75 17.80 25.50
265 | 1 2 3 4 5 6 7 8 9 10 11 13 14 15 17 18 19 20 21 22 23 24 25 30 | 153.30 148.20 108.40 117.10 149.80 125.00 23.80 123.00 132.80 17.80 25.60 156.10 103.30 181.20 162.20 98.30 163.30 107.20 22.30 123.70 133.30 18.26 25.68 61.20
266 | 1 2 3 4 5 6 8 10 11 12 14 15 16 17 | 115.50 118.75 161.67 107.27 140.90 150.63 56.02 154.57 120.82 181.31 128.17 112.26 161.19 97.79
267 | 1 2 3 4 5 6 8 10 11 12 14 15 16 17 19 20 21 22 23 24 25 27 28 29 30 31 32 33 34 35 36 38 40 41 42 43 44 45 47 48 49 50 52 53 | 124.09 147.29 119.55 133.00 113.50 162.60 191.50 110.60 133.00 181.80 103.80 164.10 126.00 161.60 28.90 109.00 158.40 106.40 162.90 93.30 164.10 65.70 119.20 140.90 16.60 39.70 26.40 124.33 130.53 17.45 25.32 199.40 141.80 128.30 127.97 132.40 127.97 128.30 40.70 26.40 22.70 22.70 56.40 21.38
268 | 1 2 3 4 5 6 8 10 11 12 14 15 16 17 19 20 21 22 23 24 25 27 28 29 30 31 32 33 34 35 36 38 40 41 42 43 44 45 47 48 49 50 51 52 53 54 55 57 58 | 124.09 147.29 119.55 133.00 113.50 162.60 191.50 110.60 133.00 181.80 103.80 164.10 126.00 161.60 28.90 109.00 158.40 106.40 162.90 93.30 164.10 65.70 119.20 140.90 16.60 39.70 26.40 124.33 130.53 17.45 25.32 199.40 141.80 128.30 127.97 132.40 127.97 128.30 40.00 30.83 36.41 25.45 124.34 131.43 17.73 25.82 21.15 56.40 21.38
269 | 1 2 3 5 6 7 8 9 10 11 13 14 15 16 18 19 20 21 22 23 25 | 68.78 53.80 195.93 115.87 135.43 45.50 124.10 139.90 113.64 159.01 160.42 106.83 156.07 102.35 55.92 133.66 141.20 34.40 23.40 23.40 28.50
270 | 1 2 3 5 6 7 8 9 10 11 12 13 14 15 16 17 18 19 20 21 23 24 25 26 27 28 29 30 31 32 | 156.80 107.85 187.50 115.87 146.09 39.32 40.82 120.06 134.14 18.48 25.34 40.82 120.06 134.14 18.48 25.34 109.80 136.80 109.30 159.01 151.16 124.18 137.37 120.39 20.05 26.23 123.54 131.78 17.80 25.50
271 | 1 2 3 5 6 7 8 9 10 11 12 13 14 15 16 17 18 19 20 21 23 24 25 26 27 29 30 31 32 33 | 186.02 116.91 188.04 114.10 146.09 39.32 40.82 120.06 134.14 18.48 25.34 40.82 120.06 134.14 18.48 25.34 121.59 133.40 109.10 159.01 153.10 110.30 136.40 118.62 21.40 25.70 120.36 133.59 19.26 23.67
272 | 1 2 3 4 5 6 7 8 9 10 11 12 13 14 15 17 19 20 21 22 23 24 25 26 27 28 29 30 31 33 34 35 36 37 39 | 142.70 119.30 156.90 114.10 132.40 131.80 27.50 122.30 134.60 18.10 25.70 121.59 146.09 114.10 155.86 188.04 116.91 186.02 39.32 40.82 120.06 134.14 18.48 25.34 40.82 120.06 134.14 18.48 25.34 25.70 120.36 133.59 19.26 23.67 20.80
273 | 1 2 3 4 5 6 7 8 10 12 13 14 15 16 17 18 19 20 21 22 23 25 27 28 29 | 108.85 193.10 40.70 39.00 41.64 26.18 58.80 197.09 213.00 30.92 121.75 133.80 18.05 26.15 34.77 23.43 124.71 131.21 19.25 24.15 15.23 208.60 35.20 19.10 19.10
274 | 1 2 3 5 6 7 8 9 10 11 12 13 14 15 16 17 18 19 20 21 23 24 25 26 27 | 156.80 107.85 187.50 115.87 146.09 39.32 40.82 120.06 134.14 18.48 25.34 40.82 120.06 134.14 18.48 25.34 121.59 133.40 109.10 159.01 153.10 110.30 136.40 118.62 21.40
275 | 1 2 3 4 5 6 8 9 10 11 12 13 14 15 17 18 19 20 21 23 25 | 53.80 68.78 45.50 135.43 115.87 195.93 159.01 113.64 139.90 117.50 102.35 156.07 107.67 150.71 78.29 126.40 116.55 27.48 27.48 55.92 28.50
276 | 1 2 3 4 5 6 8 9 10 11 12 13 14 15 16 17 19 21 22 23 25 26 27 28 29 30 | 44.47 40.53 40.51 184.60 108.85 193.50 69.00 48.30 24.70 24.70 26.60 119.80 135.00 18.30 26.00 219.36 208.60 35.20 19.10 19.10 21.79 28.23 123.17 133.53 21.99 21.99
277 | 1 2 3 4 6 7 8 9 10 11 14 15 16 17 18 19 21 22 23 24 25 26 27 28 29 30 | 44.47 48.70 82.40 200.44 113.20 174.40 40.51 40.53 21.79 211.10 83.50 123.90 114.50 29.45 29.45 207.73 42.40 20.80 20.80 20.65 20.65 28.23 123.17 133.53 21.99 21.99
278 | 1 2 3 4 6 7 8 9 10 11 12 14 15 16 17 20 21 22 23 24 25 26 27 28 29 30 | 44.47 40.53 40.51 200.44 113.20 174.40 40.51 39.32 25.30 25.30 207.73 42.40 20.80 20.80 211.10 83.50 123.90 114.50 29.45 29.45 21.79 28.23 123.17 133.53 21.99 21.99
279 | 1 2 3 4 6 7 8 9 10 11 14 15 16 17 18 19 21 22 23 24 25 26 27 28 29 30 31 | 44.47 48.70 82.40 200.44 113.20 174.40 40.51 40.53 21.79 211.10 83.50 123.90 114.50 29.45 29.45 208.50 47.60 16.30 27.00 10.70 20.65 20.65 28.23 123.17 133.53 21.99 21.99
280 | 1 2 3 4 6 7 9 10 11 12 13 14 15 17 18 19 21 22 23 24 25 26 27 28 29 30 31 32 33 34 35 36 | 41.64 40.51 83.86 200.44 113.20 174.40 83.50 123.90 114.50 29.45 29.45 40.51 211.10 40.53 21.79 208.50 47.60 16.30 27.00 10.70 21.79 34.77 23.43 124.71 131.21 19.25 24.15 30.92 122.67 133.61 21.99 21.99
281 | 1 2 3 4 6 7 9 10 11 12 13 14 15 17 18 19 21 22 23 24 25 26 27 28 29 30 31 32 33 34 35 | 41.64 40.51 83.86 200.44 113.20 174.40 83.50 123.90 114.50 29.45 29.45 40.51 211.10 40.53 21.79 206.70 42.40 20.80 20.80 21.79 34.77 23.43 124.71 131.21 19.25 24.15 30.92 122.67 133.61 21.99 21.99
282 | 1 2 3 4 6 7 8 9 10 11 12 13 14 15 16 17 19 21 22 23 25 | 48.43 184.60 108.85 200.44 60.40 48.76 44.87 40.30 48.12 42.87 147.26 113.09 23.74 25.85 25.85 211.20 208.60 35.20 19.10 19.10 21.79
283 | 1 2 3 4 6 7 8 9 10 11 12 13 14 15 16 17 19 21 22 23 25 | 48.43 184.60 108.85 200.44 60.40 48.76 44.87 40.30 48.12 39.60 147.26 113.09 23.74 25.85 25.85 211.20 208.60 35.20 19.10 19.10 21.79
284 | 1 2 3 4 6 7 8 9 10 11 12 13 14 15 16 17 19 21 22 23 24 26 | 48.43 184.60 108.85 200.44 60.40 48.76 44.87 40.30 48.12 42.87 147.26 113.09 23.74 25.85 25.85 211.20 201.56 44.30 14.57 26.31 11.55 21.79
285 | 1 2 3 4 6 7 8 9 10 11 12 13 14 15 16 17 19 21 22 23 24 26 | 48.43 184.60 108.85 200.44 60.40 48.76 44.87 40.30 48.12 39.60 147.26 113.09 23.74 25.85 25.85 211.20 201.56 44.30 14.57 26.31 11.55 21.79
286 | 1 2 3 4 6 7 8 9 10 11 12 13 14 16 18 19 20 22 | 48.43 184.60 108.85 200.44 60.40 48.76 44.87 40.40 33.75 35.74 26.85 26.85 211.20 208.60 35.20 19.10 19.10 21.79
287 | 1 2 3 4 5 6 7 8 9 10 12 13 14 16 17 19 20 22 23 24 25 26 27 28 29 30 31 32 33 34 35 36 37 39 40 | 121.75 134.00 18.05 26.15 30.92 41.64 56.60 34.66 30.13 83.83 174.40 115.70 200.44 61.60 211.10 41.05 207.73 42.40 20.80 20.80 30.80 119.10 135.40 22.70 23.61 40.02 25.70 120.36 133.59 19.26 23.67 70.80 25.45 25.45 14.10
288 | 1 2 3 4 5 7 9 12 13 14 15 16 17 18 19 20 21 22 23 24 25 26 27 28 29 30 31 32 33 34 35 | 43.44 43.44 77.45 44.35 203.96 93.30 177.28 73.49 51.56 21.79 146.83 111.81 142.06 124.46 128.42 127.58 128.42 124.46 139.19 121.96 27.49 44.46 35.62 37.00 25.20 125.90 131.60 17.73 25.82 18.90 19.82
289 | 1 2 3 5 6 8 9 10 11 13 14 15 16 17 | 155.78 107.02 181.72 121.37 145.22 150.63 112.84 121.35 115.94 56.02 163.07 97.88 164.60 93.20
290 | 1 2 3 5 6 8 9 10 11 13 14 15 16 18 | 145.22 121.37 174.51 122.00 155.74 113.03 115.62 148.13 115.38 115.94 121.35 112.84 150.63 56.02
291 | 2 3 5 6 7 9 10 11 12 13 14 16 18 19 20 21 23 24 25 27 28 29 30 | 137.57 137.23 76.90 80.00 60.51 126.70 120.70 115.40 147.30 147.80 111.70 55.70 152.36 108.40 121.85 147.36 155.60 120.50 175.00 125.90 124.78 134.71 118.30
292 | 1 2 4 5 6 8 9 10 11 14 16 17 18 19 20 | 120.50 155.78 145.00 121.85 175.00 106.92 151.84 140.10 134.68 60.40 56.30 118.05 134.71 124.78 125.90
293 | 1 2 4 5 6 8 9 10 11 15 16 17 18 19 20 21 23 26 27 28 29 30 31 33 36 37 38 39 40 | 122.85 154.90 147.10 115.87 178.50 120.89 145.22 136.40 136.40 61.00 124.44 111.37 146.21 146.24 100.37 156.07 55.92 149.00 140.60 153.89 98.20 165.71 97.57 55.92 60.50 117.74 134.13 123.65 126.70
294 | 2 3 5 6 7 9 10 11 12 13 14 16 19 20 21 22 23 25 26 27 29 30 31 32 | 137.57 137.23 76.34 80.00 59.90 125.97 105.44 147.95 136.10 147.95 105.44 56.15 56.15 152.36 108.40 121.85 147.36 155.60 120.50 175.00 125.90 124.78 134.71 118.30
295 | 1 2 3 4 5 6 7 8 9 10 11 13 14 15 16 17 18 20 22 23 24 25 26 27 | 161.20 107.27 161.20 103.70 152.52 103.70 22.10 121.80 132.70 18.26 25.68 61.24 22.10 121.80 132.70 18.26 25.68 193.48 135.60 122.90 129.80 120.60 157.10 117.00
296 | 1 2 3 4 5 6 7 8 9 10 11 13 14 15 16 17 19 21 22 23 24 25 26 | 161.20 106.07 158.04 105.63 157.12 112.50 21.20 122.00 131.80 18.26 25.68 79.05 127.16 115.77 27.04 27.04 193.48 135.60 122.90 129.80 120.60 157.10 117.00
297 | 1 2 3 4 5 6 7 8 9 10 11 13 14 15 16 17 19 20 22 23 24 25 26 27 | 161.24 106.07 158.40 110.08 157.75 112.50 21.20 122.00 131.80 18.26 25.68 81.10 124.93 118.46 27.04 27.04 62.70 193.48 135.60 122.90 129.80 120.60 157.10 117.00
298 | 1 2 3 4 5 6 7 8 9 10 11 13 14 15 17 18 19 21 23 24 25 26 27 28 | 161.20 104.80 161.24 111.84 153.90 103.70 22.10 121.80 132.70 18.26 25.68 60.52 37.58 60.94 58.34 21.76 21.76 197.20 130.50 133.20 115.80 162.46 115.80 133.20
299 | 1 2 4 5 6 8 9 10 11 14 15 16 17 19 21 | 106.07 155.78 154.57 115.40 173.00 108.40 145.40 151.18 100.37 93.02 164.33 92.20 161.26 56.19 55.80
300 | 1 2 4 5 6 8 9 10 11 12 13 14 15 17 19 | 107.27 145.22 154.90 122.08 173.00 126.49 124.30 134.71 117.74 147.18 98.91 153.05 145.22 61.00 56.22
301 | 1 2 3 5 6 8 9 10 11 13 15 16 18 19 20 21 22 23 25 28 29 31 32 33 34 37 | 155.78 106.07 183.45 121.85 147.36 137.57 137.23 151.84 106.92 56.30 79.67 77.55 126.97 105.95 148.48 136.10 148.48 105.95 56.15 56.15 60.97 161.26 93.11 162.25 93.20 56.19
302 | 1 2 3 5 6 8 9 10 11 14 16 17 18 19 23 25 26 27 28 | 145.00 121.37 181.72 107.02 155.78 99.48 164.12 97.92 162.90 99.95 77.10 69.69 76.35 73.05 60.81 128.17 107.60 147.35 131.53
303 | 1 2 3 5 6 8 9 10 11 14 16 17 18 19 21 22 23 24 25 27 33 35 36 37 38 | 145.00 121.37 181.72 107.02 155.78 99.48 164.12 97.92 162.90 100.47 76.22 71.32 76.46 82.80 101.84 72.60 70.73 73.80 70.50 18.49 62.24 128.17 107.60 147.35 131.53
304 | 1 2 3 4 5 6 8 9 10 12 13 | 132.00 128.00 102.20 148.80 111.00 111.20 55.68 111.97 121.77 29.60 42.70
305 | 1 2 3 4 5 6 8 9 10 12 13 15 17 | 132.00 128.00 102.20 148.80 111.00 111.20 55.68 111.10 123.00 25.17 39.40 169.30 23.22
