
(rdkit3) C:\Users\jmn\Documents\GitHub\KnapsackSearch>"C:\Users\jmn\Documents\jdk1.8.0_202\bin\java.exe" -Xmx1g -classpath predictorc.jar;nmrshiftdb2/lib/cdk-interfaces.jar;nmrshiftdb2/lib/cdk-io.jar;nmrshiftdb2/lib/cdk-core.jar;nmrshiftdb2/lib/cdk-data.jar;nmrshiftdb2/lib/cdk-standard.jar;nmrshiftdb2/lib/cdk-sdg.jar;nmrshiftdb2/lib/cdk-valencycheck.jar;nmrshiftdb2/lib/vecmath1.2-1.14.jar;nmrshiftdb2/lib/jgrapht.jar;nmrshiftdb2/lib/antlr-2.7.2.jar;nmrshiftdb2/lib/cdk-atomtype.jar;nmrshiftdb2/lib/cdk-ioformats.jar;nmrshiftdb2/lib/cdk-legacy.jar;nmrshiftdb2/lib/guava-17.0.jar;nmrshiftdb2/lib/cdk-smiles.jar;nmrshiftdb2/lib/beam-core-0.9.2.jar;nmrshiftdb2/lib/beam-func-0.9.2.jar;. Demo "oryz_2D_tagged.sdf" "4" "3d" 
Duration: 7642
0 0 28.1
0 1 71.963264
0 2 48.79082
0 3 59.156364
0 4 82.53813
0 5 33.774902
0 6 52.861057
0 7 49.35
0 8 50.8
0 9 173.04
0 12 44.27
0 13 76.54
0 14 38.73
0 15 18.45
0 16 157.68
0 17 106.11
0 18 42.69
0 21 178.61
0 23 21.149565
1 0 28.1
1 1 71.963264
1 2 48.79082
1 3 59.156364
1 4 82.53813
1 5 33.774902
1 6 52.861057
1 7 49.05
1 8 50.8
1 9 173.04
1 12 31.816843
1 13 43.42857
1 14 32.15
1 15 28.6
1 16 154.25714
1 17 104.0
1 18 43.060562
1 20 178.61
1 22 21.149565
2 0 24.842857
2 1 36.510075
2 2 44.6783
2 3 59.156364
2 4 82.53813
2 5 33.774902
2 6 52.861057
2 7 48.325
2 8 50.8
2 9 173.04
2 12 31.816843
2 13 43.42857
2 14 32.15
2 15 28.6
2 16 154.25714
2 17 104.0
2 18 43.060562
2 20 177.0142
2 22 26.137941
3 0 18.497894
3 1 36.510075
3 2 45.9875
3 3 45.977108
3 4 48.43292
3 5 35.152916
3 6 54.783
3 7 48.325
3 8 52.596096
3 9 174.27
3 12 44.27
3 13 76.54
3 14 38.73
3 15 26.935272
3 16 157.68
3 17 106.11
3 18 42.69
3 20 205.82222
3 22 26.137941
3 23 183.54755
4 0 24.842857
4 1 36.510075
4 2 44.6783
4 3 59.156364
4 4 82.53813
4 5 33.774902
4 6 52.861057
4 7 49.35
4 8 50.8
4 9 173.04
4 12 44.27
4 13 76.54
4 14 38.73
4 15 18.45
4 16 157.68
4 17 106.11
4 18 42.69
4 21 177.0142
4 23 26.137941
5 0 18.689344
5 1 36.510075
5 2 45.9875
5 3 45.977108
5 4 48.43292
5 5 35.152916
5 6 54.783
5 7 48.325
5 8 52.596096
5 9 174.27
5 12 31.816843
5 13 43.42857
5 14 32.8
5 15 19.6375
5 16 154.25714
5 17 104.0
5 18 43.060562
5 19 205.82222
5 21 26.137941
5 22 183.54755
6 0 44.6783
6 1 59.156364
6 2 82.53813
6 3 41.673332
6 4 63.1
6 5 46.9
6 7 52.861057
6 8 49.35
6 9 50.8
6 10 173.04
6 13 44.27
6 14 76.54
6 15 38.73
6 16 18.45
6 18 157.68
6 19 106.11
6 20 42.69
6 22 177.0142
6 24 26.137941
7 0 68.58116
7 1 75.994736
7 2 48.79082
7 3 59.156364
7 4 82.53813
7 5 41.673332
7 6 52.861057
7 7 49.05
7 8 50.8
7 9 173.04
7 12 31.816843
7 13 43.42857
7 14 32.15
7 15 28.6
7 16 154.25714
7 17 104.0
7 18 43.060562
7 20 178.61
7 22 21.149565
8 1 174.02702
8 3 45.9875
8 4 45.977108
8 5 48.43292
8 6 71.91091
8 7 54.783
8 8 48.325
8 9 52.596096
8 10 174.27
8 13 44.27
8 14 76.54
8 15 38.73
8 16 26.935272
8 17 157.68
8 18 106.11
8 19 42.69
8 21 35.152916
8 22 19.096
8 23 36.510075
8 24 26.137941
9 0 63.1
9 1 46.9
9 2 44.6783
9 3 59.156364
9 4 82.53813
9 5 41.673332
9 6 52.861057
9 7 48.325
9 8 50.8
9 9 173.04
9 12 31.816843
9 13 43.42857
9 14 32.15
9 15 28.6
9 16 154.25714
9 17 104.0
9 18 43.060562
9 20 177.0142
9 22 26.137941
10 0 18.79
10 1 36.510075
10 2 45.9875
10 3 45.977108
10 4 37.90699
10 5 39.87182
10 6 54.783
10 7 48.325
10 8 52.596096
10 9 174.27
10 12 44.27
10 13 76.54
10 14 32.69516
10 15 26.935272
10 16 157.68
10 17 106.11
10 18 42.69
10 20 16.957903
10 21 26.137941
10 22 183.54755
11 0 152.85
11 2 152.936
11 3 118.5
11 4 152.95
11 7 39.0
11 8 121.0
11 9 139.5
11 10 67.3
11 12 13.6
11 14 139.4794
12 1 152.936
12 2 118.5
12 3 152.95
12 5 152.85
12 7 39.0
12 8 122.857445
12 9 135.64667
12 10 19.706667
12 11 24.16
12 13 139.4794
13 0 85.98
13 1 71.72
13 2 73.95
13 3 88.3
13 6 140.85385
13 8 122.2
13 9 149.7
13 11 152.1
13 13 154.5
13 15 39.0
13 16 121.0
13 17 139.5
13 18 13.6
13 19 67.3
13 23 61.69
14 0 85.3
14 1 71.72
14 2 73.95
14 3 88.3
14 6 140.85385
14 8 122.2
14 9 149.7
14 11 152.1
14 13 154.5
14 15 39.0
14 16 121.0
14 17 139.5
14 18 67.3
14 20 13.6
14 23 61.1
15 0 127.1
15 1 136.0
15 2 111.2
15 3 120.2375
15 4 119.4
15 5 118.7
15 7 123.2
15 8 108.1
15 9 31.4
15 10 171.1876
15 13 78.9
15 14 72.4
15 15 71.15
15 16 72.4
15 17 71.15
15 18 69.19091
16 1 174.81544
16 3 73.07033
16 4 62.129826
17 0 69.42857
17 1 69.01428
17 2 24.542856
17 3 51.04286
17 4 41.642857
17 5 39.728573
17 6 54.114285
17 7 37.528572
17 8 56.514286
17 9 43.1
17 10 39.357143
17 11 21.157143
17 12 52.93
17 13 27.97
17 14 24.13
17 15 39.26
17 16 73.62
17 17 75.45
17 19 41.63
17 20 28.67
17 21 20.18
17 22 20.18
17 23 10.58
17 25 12.38
17 26 11.97
17 27 46.6
17 28 212.67143
17 30 14.485714
18 0 69.42857
18 1 69.01428
18 2 24.542856
18 3 51.04286
18 4 41.642857
18 5 39.728573
18 6 54.114285
18 7 37.528572
18 8 56.514286
18 9 43.1
18 10 39.357143
18 11 21.157143
18 12 52.93
18 13 27.97
18 14 24.13
18 15 39.26
18 16 72.9
18 17 76.9
18 19 149.55307
18 20 111.4
18 21 30.315132
18 22 21.583399
18 23 21.583399
18 25 12.3
18 26 11.97
18 27 46.6
18 28 212.67143
18 30 14.485714
19 0 35.2
19 1 27.35
19 2 41.19208
19 3 47.542107
19 4 217.0
19 6 30.897356
19 7 127.625
19 8 133.4943
19 9 20.707407
19 10 14.337037
19 11 35.90517
19 12 175.42923
20 0 47.536366
20 1 38.667442
20 2 131.83333
20 3 124.47222
20 4 35.05
20 5 25.989405
20 6 28.554285
20 7 11.965714
20 8 165.57779
20 11 61.20966
20 12 23.442776
20 13 18.2
20 14 25.479252
20 15 11.5152025
20 16 175.225
20 19 24.2
20 20 37.8
20 21 217.7
21 5 158.17906
21 6 90.436584
21 7 165.77121
22 0 18.938
22 1 42.388
22 2 33.106
22 3 50.27
22 4 35.85449
22 5 39.237038
22 6 51.633335
22 7 135.65
22 8 121.666664
22 9 24.280237
22 10 46.35
22 11 37.025
22 12 36.433334
22 13 20.733334
22 14 21.9
22 15 150.375
22 16 109.825
22 17 15.19283
22 18 27.646
22 19 27.646
23 0 19.31
23 1 42.18889
23 2 33.48
23 3 55.842857
23 4 39.7
23 5 39.1
23 6 55.5
23 7 148.42857
23 8 106.833336
23 9 38.3
23 10 24.23
23 11 21.7
23 12 38.565716
23 13 140.03221
23 14 123.66063
23 15 68.14
23 25 16.279354
23 26 14.5
23 27 28.092777
23 28 28.092777
24 0 19.332222
24 1 42.18889
24 2 33.524445
24 3 53.94
24 4 39.709232
24 5 38.976757
24 6 50.7
24 7 136.39
24 8 129.35
24 9 37.45
24 10 34.46
24 11 18.78
24 12 25.92
24 13 149.0
24 14 110.16
24 15 35.561428
24 16 23.921091
24 17 14.398077
24 18 28.092777
24 19 28.092777
25 0 64.9
25 1 44.37143
25 2 39.285713
25 3 48.286777
25 4 39.0
25 5 42.486755
25 6 51.295
25 7 46.0
25 8 24.3
25 9 23.634428
25 10 124.47222
25 11 146.13385
25 12 37.506184
25 13 31.816843
25 14 33.5
25 15 35.739555
25 16 22.033333
25 17 19.6
25 18 16.5
25 19 71.405716
26 0 18.72
26 1 42.16
26 2 33.1
26 3 47.94
26 4 38.52
26 5 32.49
26 6 51.295
26 7 46.0
26 8 24.3
26 9 21.0
26 10 124.47222
26 11 146.13385
26 12 37.506184
26 13 31.816843
26 14 33.5
26 15 35.739555
26 16 22.033333
26 17 17.31
26 18 27.81
26 19 27.81
27 0 19.31
27 1 42.18889
27 2 33.48
27 3 55.842857
27 4 39.7
27 5 39.1
27 6 55.5
27 7 148.42857
27 8 106.833336
27 9 38.3
27 10 24.23
27 11 21.7
27 12 38.565716
27 13 140.03221
27 14 123.66063
27 15 68.14
27 25 16.279354
27 26 14.5
27 27 28.092777
27 28 28.092777
28 0 168.5
28 1 97.0
28 2 164.8
28 3 103.4
28 4 165.4
28 5 96.2
28 7 79.9
28 8 43.6
28 9 197.55
28 11 130.18546
28 12 128.56714
28 13 115.77857
28 14 157.66591
28 15 115.77857
28 16 128.56714
29 0 167.8
29 1 94.9
29 2 163.9
29 3 103.6
29 4 162.8
29 5 93.7
29 7 79.9
29 8 43.6
29 9 197.55
29 11 131.5
29 12 128.9
29 13 116.3
29 14 158.42667
29 15 116.3
29 16 128.9
29 20 56.4
30 0 13.97
30 1 22.15
30 2 32.043335
30 3 28.72
30 4 29.04
30 5 29.075
30 6 29.42
30 7 29.505
30 8 29.42
30 9 29.621952
30 10 29.6975
30 11 29.62
30 12 29.525
30 13 25.625826
30 14 33.8
30 15 174.7
31 0 169.6
31 1 103.3
31 2 159.2
31 3 113.3
31 4 157.6
31 5 95.1
31 7 164.2
31 8 145.6
31 9 136.8
31 11 103.7
31 12 74.8
31 13 78.1
31 14 71.27143
31 15 78.8
31 17 61.076668
31 22 121.2
31 23 118.4
31 24 147.4
31 25 155.4
31 26 117.4
31 27 128.3
32 0 169.6
32 1 103.3
32 2 159.2
32 3 113.3
32 4 157.6
32 5 95.1
32 7 164.2
32 8 145.6
32 9 136.8
32 11 103.7
32 12 74.8
32 13 77.26667
32 14 69.96667
32 15 76.68261
32 17 66.4
32 19 100.2875
32 20 70.365
32 21 70.695
32 22 71.85333
32 23 68.3225
32 25 18.2
32 32 121.2
32 33 118.4
32 34 147.4
32 35 155.4
32 36 117.4
32 37 128.3
33 0 150.0
33 1 144.9
33 2 116.6
33 3 121.7
33 4 122.0
33 5 115.2
33 6 167.3
34 0 151.0
34 1 147.1
34 2 114.8
34 3 121.8
34 4 123.6
34 5 112.6
34 6 167.5
34 10 55.936363
35 0 148.87325
35 1 149.23985
35 2 115.44825
35 3 122.7
35 4 125.8
35 5 115.6
35 6 144.5
35 7 115.6
35 8 168.25
35 13 55.7
36 0 21.25
36 1 35.975
36 2 38.920532
36 3 83.479164
36 4 48.675
36 5 22.1
36 6 42.52727
36 7 146.325
36 8 136.25304
36 9 40.3
36 10 43.14954
36 11 76.48112
36 13 143.7
36 14 114.2
36 15 25.9
36 16 196.7442
36 18 53.8
36 19 16.936363
36 21 24.950962
36 22 24.950962
37 0 27.190699
37 1 78.040085
37 2 38.892017
37 3 51.18428
37 4 40.00765
37 5 38.0
37 6 49.55035
37 7 146.8697
37 8 136.25304
37 9 37.45
37 10 34.311428
37 11 19.272942
37 12 23.7
37 13 147.21819
37 14 110.16
37 15 199.5
37 17 43.37196
37 18 15.195883
37 19 22.738956
37 20 22.738956
38 0 31.642105
38 1 71.50636
38 2 42.321053
38 3 140.8421
38 4 121.42857
38 5 31.982857
38 6 32.145714
38 7 50.37143
38 8 36.5
38 9 37.321053
38 10 18.194736
38 11 21.157143
38 12 38.073685
38 13 42.4735
38 14 56.857143
38 15 24.792307
38 16 26.255629
38 17 56.14143
38 18 40.615715
38 19 134.14929
38 20 135.44286
38 21 43.9636
38 22 31.8
38 23 20.6
38 24 20.6
38 25 25.479252
38 26 11.5152025
38 27 20.257143
38 28 16.592112
39 0 17.45
39 1 130.535
39 2 124.025
39 3 26.5
39 4 39.2
39 5 134.2
39 6 124.89
39 7 26.95
39 8 40.5
39 9 134.9
39 10 124.9
39 11 28.8
39 12 28.8
39 13 124.9
39 14 134.9
39 15 40.5
39 16 26.95
39 17 124.89
39 18 134.2
39 19 39.2
39 20 26.5
39 21 124.025
39 22 130.535
39 23 17.45
39 24 25.325
39 25 15.83
39 26 16.1
39 27 16.1
39 28 15.83
39 29 25.325
40 0 137.4
40 1 126.2
40 2 42.6
40 3 65.1
40 4 48.4
40 5 37.1
40 6 29.5
40 7 29.5
40 9 21.6
40 10 125.8
40 11 138.4
40 12 137.76666
40 13 130.6
40 14 126.009094
40 15 138.43889
40 16 137.1309
40 17 134.43546
40 18 130.97728
40 19 130.97728
40 20 134.43546
40 21 137.1309
40 22 138.43889
40 23 125.35555
40 24 132.56923
40 25 137.1047
40 26 12.880851
40 27 123.1
40 28 135.6
40 29 54.406384
40 30 33.86
40 31 42.478573
40 32 65.28333
40 33 132.44772
40 34 146.13385
40 35 22.033333
40 37 26.85
40 38 26.85
40 39 12.816667
40 40 12.816667
40 41 12.166667
41 0 69.6
41 1 137.47144
41 2 128.32428
41 3 137.1047
41 4 132.56923
41 5 125.35555
41 6 138.43889
41 7 137.1309
41 8 134.43546
41 9 130.97728
41 10 130.97728
41 11 134.43546
41 12 137.1309
41 13 138.43889
41 14 125.35555
41 15 132.56923
41 16 137.1047
41 17 12.880851
41 18 123.1
41 19 135.6
41 20 54.406384
41 21 33.86
41 22 42.478573
41 23 65.28333
41 24 132.44772
41 25 146.13385
41 26 22.033333
41 28 26.85
41 29 26.85
41 30 12.816667
41 31 12.816667
41 32 12.880851
41 33 35.085712
41 34 47.385715
41 35 63.528572
41 36 41.271427
41 37 66.84286
41 38 20.071428
41 41 27.364286
41 42 27.364286
42 0 69.6
42 1 133.53334
42 2 128.32428
42 3 137.1047
42 4 132.56923
42 5 125.35555
42 6 138.43889
42 7 137.1309
42 8 134.43546
42 9 130.97728
42 10 130.97728
42 11 134.43546
42 12 137.1309
42 13 139.15715
42 14 125.12857
42 15 133.02805
42 16 131.13542
42 17 13.420541
42 18 96.8
42 19 205.27083
42 20 128.69884
42 21 39.323273
42 22 49.8
42 23 64.20909
42 24 40.94349
42 25 75.3
42 26 26.333334
42 29 25.29683
42 30 25.29683
42 31 12.816667
42 32 12.816667
42 33 12.880851
42 34 35.085712
42 35 47.385715
42 36 63.528572
42 37 41.271427
42 38 66.84286
42 39 20.071428
42 42 27.364286
42 43 27.364286
43 0 69.6
43 1 137.47144
43 2 128.32428
43 3 137.1047
43 4 132.56923
43 5 125.35555
43 6 138.43889
43 7 137.1309
43 8 134.43546
43 9 130.97728
43 10 130.97728
43 11 134.43546
43 12 137.1309
43 13 138.43889
43 14 125.35555
43 15 132.56923
43 16 137.1047
43 17 12.880851
43 18 128.32428
43 19 133.53334
43 20 69.6
43 21 35.085712
43 22 47.385715
43 23 63.528572
43 24 41.271427
43 25 66.84286
43 26 20.071428
43 29 27.364286
43 30 27.364286
43 31 12.816667
43 32 12.816667
43 33 12.880851
43 34 35.085712
43 35 47.385715
43 36 63.528572
43 37 41.271427
43 38 66.84286
43 39 20.071428
43 42 27.364286
43 43 27.364286
44 0 163.1
44 1 99.6
44 2 161.05
44 3 105.4
44 4 156.9
44 5 95.4
44 7 163.81818
44 8 105.0
44 9 182.05
44 11 126.29091
44 12 108.625
44 13 148.10568
44 14 137.49825
44 15 148.10568
44 16 108.625
44 18 56.36883
44 21 56.36883
44 24 99.95
44 25 73.05
44 26 76.35
44 27 69.678665
44 28 76.4
44 30 60.811428
45 0 163.1
45 1 99.6
45 2 161.05
45 3 105.4
45 4 156.9
45 5 95.4
45 7 163.81818
45 8 105.0
45 9 182.05
45 11 126.29091
45 12 108.625
45 13 148.10568
45 14 137.49825
45 15 148.10568
45 16 108.625
45 18 56.36883
45 21 56.36883
45 24 100.9
45 25 73.7
45 26 76.6
45 27 69.96667
45 28 75.7
45 30 66.4
45 32 100.2875
45 33 70.365
45 34 70.695
45 35 71.85333
45 36 68.3225
45 38 17.845
46 0 164.18
46 1 99.1825
46 2 161.8475
46 3 105.33923
46 4 157.05
46 5 94.01875
46 7 144.8
46 8 136.2
46 9 175.26364
46 12 125.2
46 13 122.71935
46 14 115.740906
46 15 148.78
46 16 145.46364
46 17 116.13636
47 0 155.12195
47 1 109.538666
47 2 161.26666
47 3 106.07183
47 4 156.44
47 5 109.538666
47 6 76.14
47 7 72.32
47 8 71.63684
47 9 69.53333
47 10 67.2
47 16 164.1909
47 17 103.7
47 18 182.58556
47 20 121.6
47 21 128.6
47 22 116.0
47 23 161.4
47 24 116.0
47 25 128.6
47 28 72.0
47 29 74.5
47 30 79.05
47 31 72.5
47 32 81.5
47 34 62.9
48 0 155.12195
48 1 109.538666
48 2 161.26666
48 3 106.07183
48 4 156.44
48 5 109.538666
48 6 76.00667
48 7 72.32
48 8 72.72775
48 9 67.7
48 10 71.4
48 16 166.6
48 17 102.7
48 18 182.58556
48 20 122.0
48 21 114.0
48 22 145.9
48 23 149.9
48 24 115.7
48 25 119.9
48 29 72.0
48 30 74.5
48 31 79.05
48 32 72.5
48 33 81.5
48 35 62.9
49 0 155.12195
49 1 109.538666
49 2 161.26666
49 3 106.07183
49 4 156.44
49 5 109.538666
49 6 76.14
49 7 72.32
49 8 76.50483
49 9 69.3
49 10 71.4
49 16 166.6
49 17 102.7
49 18 182.58556
49 20 122.0
49 21 114.0
49 22 145.9
49 23 149.9
49 24 115.7
49 25 119.9
49 29 72.0
49 30 74.5
49 31 79.05
49 32 72.5
49 33 81.5
49 35 62.9
50 0 162.64546
50 1 109.538666
50 2 161.26666
50 3 106.185715
50 4 155.4
50 5 95.819695
50 7 162.7
50 8 104.1
50 9 181.45
50 11 127.13333
50 12 114.0
50 13 145.9
50 14 149.9
50 15 115.7
50 16 119.9
50 20 72.8
50 21 73.9
50 22 78.6
50 23 72.8
50 24 82.9
50 26 63.9
50 31 105.28
50 32 75.44069
50 33 78.4
50 34 72.44
50 35 78.354546
50 37 62.694443
51 0 162.64546
51 1 109.538666
51 2 161.26666
51 3 106.185715
51 4 155.4
51 5 95.819695
51 7 162.7
51 8 104.1
51 9 181.45
51 11 124.15
51 12 108.625
51 13 149.3
51 14 149.55
51 15 116.3
51 16 119.9
51 19 55.7
51 21 72.8
51 22 73.9
51 23 77.957146
51 24 72.2
51 25 82.9
51 27 63.9
51 32 105.28
51 33 75.44069
51 34 78.4
51 35 72.44
51 36 78.354546
51 38 62.694443
52 0 162.5
52 1 109.6
52 2 161.26666
52 3 106.185715
52 4 155.4
52 5 95.819695
52 7 162.7
52 8 104.1
52 9 181.45
52 11 124.15
52 12 108.625
52 13 149.3
52 14 149.55
52 15 116.3
52 16 119.9
52 19 55.7
52 21 72.8
52 22 73.9
52 23 77.957146
52 24 72.2
52 25 82.9
52 27 63.9
52 32 105.28
52 33 74.17364
52 34 78.1
52 35 70.2
52 36 73.95
52 38 62.9
52 40 166.33333
52 42 114.2
52 43 145.0
52 44 124.933334
52 45 130.2
52 46 115.95
52 47 159.61667
52 48 115.95
52 49 130.2
53 0 162.5
53 1 109.6
53 2 161.26666
53 3 106.185715
53 4 155.4
53 5 95.819695
53 7 162.7
53 8 104.1
53 9 181.45
53 11 124.15
53 12 108.625
53 13 149.3
53 14 149.55
53 15 116.3
53 16 119.9
53 19 55.7
53 21 72.8
53 22 73.9
53 23 77.957146
53 24 72.2
53 25 82.9
53 27 63.9
53 32 105.28
53 33 75.44069
53 34 78.1
53 35 70.2
53 36 73.95
53 38 62.9
53 40 166.3
53 42 114.7
53 43 145.7
53 44 127.51408
53 45 123.81575
53 46 115.44825
53 47 149.23985
53 48 148.87325
53 49 111.81225
53 51 55.7
54 0 155.12195
54 1 109.538666
54 2 161.26666
54 3 106.07183
54 4 156.44
54 5 109.538666
54 6 76.00667
54 7 72.32
54 8 71.47088
54 9 67.7
54 10 67.2
54 16 164.1909
54 17 103.7
54 18 182.58556
54 20 121.6
54 21 128.6
54 22 116.0
54 23 161.4
54 24 116.0
54 25 128.6
54 28 72.7
54 29 72.9
54 30 79.05
54 31 71.15
54 32 82.5
54 34 62.0
55 0 169.6
55 1 103.3
55 2 159.2
55 3 113.3
55 4 157.6
55 5 95.1
55 7 164.2
55 8 145.6
55 9 136.8
55 11 103.7
55 12 74.8
55 13 78.1
55 14 69.678665
55 15 78.8
55 17 60.811428
55 22 121.45
55 23 127.7
55 24 115.40336
55 25 147.73872
55 26 147.68916
55 27 111.36888
55 29 56.099854
56 0 169.6
56 1 103.3
56 2 159.2
56 3 113.3
56 4 156.95
56 5 94.95
56 7 163.3
56 8 144.4
56 9 136.8
56 11 103.7
56 12 74.8
56 13 78.1
56 14 69.695
56 15 78.8
56 17 61.076668
56 22 125.41053
56 23 117.75
56 24 146.36827
56 25 137.84866
56 26 146.36827
56 27 117.75
57 0 169.6
57 32 56.36883
57 1 103.3
57 2 159.2
57 3 113.3
57 4 156.95
57 5 94.95
57 7 163.3
57 8 144.4
57 9 136.8
57 11 103.7
57 12 74.8
57 13 78.1
57 14 69.678665
57 15 78.8
57 17 60.811428
57 22 125.41053
57 23 111.36888
57 24 148.10568
57 25 137.49825
57 26 148.10568
57 27 111.36888
57 29 56.36883
58 0 169.6
58 32 147.4
58 1 103.3
58 33 118.4
58 2 159.2
58 3 113.3
58 4 157.6
58 5 95.1
58 7 164.2
58 8 145.6
58 9 136.8
58 11 103.7
58 12 74.8
58 13 76.5
58 14 70.290565
58 15 74.594475
58 17 63.39
58 19 166.6
58 21 43.455
58 22 168.15
58 28 121.2
58 29 128.3
58 30 117.4
58 31 155.4
59 0 169.6
59 1 103.3
59 2 159.2
59 3 113.3
59 4 157.6
59 5 95.1
59 7 164.2
59 8 145.6
59 9 136.8
59 11 101.94417
59 12 73.4
59 13 76.9
59 14 69.77
59 15 76.564285
59 17 64.38571
59 19 166.6
59 21 43.455
59 22 168.15
59 27 166.21
59 29 43.76143
59 30 168.2
59 34 121.2
59 35 128.3
59 36 117.4
59 37 155.4
59 38 147.4
59 39 118.4
60 0 169.6
60 1 103.3
60 2 159.2
60 3 113.3
60 4 157.6
60 5 95.1
60 7 164.2
60 8 145.6
60 9 136.8
60 11 103.7
60 12 74.8
60 13 76.88
60 14 70.9375
60 15 74.594475
60 17 63.39
60 19 166.6
60 21 43.455
60 22 168.15
60 28 121.45
60 29 127.7
60 30 115.40336
60 31 147.73872
60 32 147.68916
60 33 111.36888
60 35 56.099854
61 0 169.6
61 32 146.36827
61 1 103.3
61 33 117.75
61 2 159.2
61 3 113.3
61 4 156.95
61 5 94.95
61 7 163.3
61 8 144.4
61 9 136.8
61 11 103.7
61 12 74.8
61 13 77.26667
61 14 70.9375
61 15 76.05
61 17 63.39
61 19 166.6
61 21 43.455
61 22 168.15
61 28 125.41053
61 29 117.75
61 30 146.36827
61 31 137.84866
62 0 18.689344
62 1 41.829185
62 2 33.313293
62 3 54.89035
62 4 39.5
62 5 40.7
62 6 54.2
62 7 42.62
62 8 40.471428
62 9 20.488205
62 10 47.9
62 11 153.8
62 12 104.0
62 13 43.2
62 14 32.8
62 15 19.6375
62 16 40.1
62 17 18.3
62 18 27.571686
62 19 27.571686
63 0 154.23334
63 1 113.84
63 2 118.1
63 3 153.89711
63 4 131.21579
63 5 115.3
63 6 16.366667
63 8 74.0
63 9 31.166666
63 10 22.337437
63 11 23.5
63 12 38.5
63 13 20.2
63 14 36.5
63 15 31.8
63 16 36.5
63 17 23.5
63 18 37.22
63 19 32.6
63 20 19.26
63 21 37.18
63 22 24.44
63 23 39.16
63 24 27.76
63 25 22.464285
63 26 22.464285
63 27 18.7
64 0 119.4
64 1 120.0
64 2 145.9
64 3 123.8
64 4 115.5
64 5 145.6
64 7 15.8
64 9 74.0
64 10 30.1
64 11 20.533333
64 12 38.5
64 13 20.2
64 14 36.5
64 15 31.8
64 16 18.7
64 17 36.5
64 18 23.5
64 19 37.22
64 20 32.6
64 21 19.26
64 22 37.18
64 23 24.44
64 24 39.16
64 25 27.76
64 26 22.464285
64 27 22.464285
64 28 23.5
64 29 11.0
65 0 112.2
65 1 118.0
65 2 147.7
65 3 125.7
65 4 121.6
65 5 146.1
65 7 11.9
65 8 11.8
65 10 80.0
65 11 31.166666
65 12 22.337437
65 13 27.317692
65 14 37.625
65 15 20.2
65 16 36.5
65 17 31.8
65 18 19.14
65 19 36.78
65 20 23.5
65 21 37.288822
65 22 32.723
65 23 19.460588
65 24 37.18
65 25 24.44
65 26 39.16
65 27 27.76
65 28 22.464285
65 29 22.464285
66 0 118.65
66 1 116.95
66 2 146.18
66 3 122.45
66 4 121.35
66 5 144.95
66 7 12.15
66 8 11.75
66 10 74.0
66 11 30.1
66 12 20.533333
66 13 38.5
66 14 20.2
66 15 36.5
66 16 31.8
66 17 36.5
66 18 23.5
66 19 37.22
66 20 32.6
66 21 37.18
66 22 24.44
66 23 39.16
66 24 27.76
66 25 22.464285
66 26 22.464285
66 27 18.7
66 28 18.7
66 29 23.5
66 30 11.2
67 1 60.4
67 2 177.2
68 0 200.84285
68 2 73.51043
68 3 73.15
68 4 67.1975
69 5 64.695
69 6 84.32142
69 7 74.62897
69 9 75.86
69 11 101.35
70 0 130.18333
70 1 136.64285
70 2 180.12323
70 4 154.5845
70 5 112.18
70 6 183.5533
70 8 77.16428
70 9 51.04675
70 10 80.285
70 12 37.642857
70 13 25.793333
70 14 80.81054
70 15 41.972317
70 16 35.48
70 17 29.094156
70 18 76.5
70 20 71.70909
70 22 25.286364
70 23 25.286364
70 24 14.2
70 25 23.717354
70 27 37.7
70 28 79.47896
70 29 36.05484
70 30 12.828571
70 31 27.780645
70 32 12.2290325
70 34 171.31384
70 36 21.099232
70 37 13.5
71 0 103.21667
71 1 159.04413
71 2 97.86667
71 3 154.57895
71 4 112.08182
71 5 152.82857
71 7 108.7
71 8 155.67575
71 10 127.50353
71 11 125.190155
71 12 117.0
71 13 148.5
71 14 147.0
71 15 113.7
71 18 165.98785
71 21 52.21368
72 0 112.23333
72 1 124.76363
72 2 147.07632
72 3 145.21977
72 4 105.1
72 5 160.7
72 7 75.16732
72 8 51.04675
72 9 80.285
72 11 37.642857
72 12 25.793333
72 13 80.81054
72 14 41.972317
72 15 35.48
72 16 29.094156
72 17 76.5
72 19 71.70909
72 20 25.286364
72 21 25.286364
72 23 14.2
72 24 23.717354
72 27 43.12105
72 28 17.645454
72 29 76.3
72 31 169.5
72 33 22.0
72 34 35.5
72 35 26.4
72 36 10.1
72 37 12.825807
73 0 127.19
73 1 151.51
73 2 79.97
73 3 41.74
73 4 49.82
73 5 198.16
73 7 23.2
73 8 23.2
73 10 137.47144
73 11 132.7
73 12 197.5
73 14 28.4
73 15 21.44
74 0 18.782
74 1 41.829185
74 2 33.313293
74 3 54.89035
74 4 37.665607
74 5 40.616215
74 6 44.927273
74 7 44.033333
74 8 21.7
74 9 25.441765
74 10 44.1
74 11 135.3
74 12 121.3
74 13 27.485031
74 14 136.52141
74 15 114.48613
74 16 18.4
74 17 17.369022
74 18 27.571686
74 19 27.571686
75 0 34.7
75 1 216.46182
75 3 48.285843
75 4 52.41857
75 5 39.709232
75 6 37.54286
75 7 48.9
75 8 138.6
75 9 136.1
75 10 37.5
75 11 34.311428
75 12 19.272942
75 13 147.5
75 14 111.0
75 15 26.1
75 16 70.40385
75 17 29.3
75 19 14.398077
75 20 23.044676
75 21 23.044676
76 0 34.63913
76 1 216.46182
76 3 48.285843
76 4 52.41857
76 5 40.00765
76 6 38.2
76 7 49.55035
76 8 146.8697
76 9 136.25304
76 10 37.45
76 11 34.311428
76 12 19.272942
76 13 147.21819
76 14 110.16
76 15 23.7
76 16 196.7442
76 18 37.3
76 19 15.195883
76 20 23.044676
76 21 23.044676
77 0 27.7
77 1 78.040085
77 2 38.892017
77 3 51.18428
77 4 39.709232
77 5 36.9
77 6 48.9
77 7 138.6
77 8 136.1
77 9 37.5
77 10 34.311428
77 11 19.272942
77 12 147.5
77 13 111.0
77 14 26.1
77 15 72.9
77 16 33.20084
77 18 14.398077
77 19 22.738956
77 20 22.738956
78 0 27.381578
78 1 76.044
78 2 37.914665
78 3 42.872
78 4 46.76
78 5 35.152916
78 6 78.354546
78 7 168.965
78 8 136.25304
78 9 37.45
78 10 29.7
78 11 34.035454
78 12 149.0
78 13 110.16
78 14 25.92
78 15 25.6
78 16 23.921091
78 18 18.7
78 19 24.998
78 20 24.998
79 0 27.7
79 1 78.6
79 2 42.4
79 3 51.086666
79 4 40.65
79 5 36.9
79 6 50.7
79 7 136.39
79 8 129.35
79 9 37.45
79 10 34.46
79 11 18.78
79 12 149.0
79 13 110.16
79 14 25.92
79 15 35.561428
79 16 24.702438
79 17 13.9
79 18 62.7
79 20 23.0
80 0 73.74426
80 1 69.4
80 2 39.5
80 3 51.18428
80 4 42.4
80 5 77.3
80 7 58.38316
80 8 42.233334
80 9 26.935272
80 10 23.210526
80 11 44.1
80 12 135.3
80 13 128.22983
80 14 199.99565
80 16 136.52141
80 17 114.48613
80 18 18.4
80 19 9.3
80 20 23.0
80 21 23.0
81 0 35.130302
81 1 74.73
81 2 38.892017
81 3 51.18428
81 4 42.4
81 5 78.6
81 7 58.38316
81 8 42.233334
81 9 26.935272
81 10 23.210526
81 11 44.1
81 12 135.3
81 13 128.22983
81 14 199.99565
81 16 136.52141
81 17 114.48613
81 18 18.4
81 19 9.3
81 20 22.738956
81 21 22.738956
82 0 210.1
82 2 82.8
82 3 45.4
82 4 54.301353
82 5 40.00765
82 6 49.296825
82 7 58.38316
82 8 39.17352
82 9 26.935272
82 10 23.210526
82 11 30.9
82 12 135.3
82 13 128.22983
82 14 199.99565
82 16 136.52141
82 17 114.48613
82 18 18.4
82 19 15.23171
82 20 23.0
82 21 23.0
83 0 43.869232
83 1 209.92436
83 3 48.285843
83 4 52.41857
83 5 42.4
83 6 74.13545
83 8 58.38316
83 9 42.233334
83 10 31.345
83 11 21.0
83 12 30.9
83 13 137.72858
83 14 128.22983
83 15 199.99565
83 17 136.52141
83 18 114.48613
83 19 18.4
83 20 13.7
83 21 23.044676
83 22 23.044676
84 0 33.036366
84 1 198.08182
84 3 123.96364
84 4 169.94545
84 5 38.3
84 6 35.654545
84 7 54.7
84 8 33.9
84 9 30.7
84 10 32.3
84 11 56.2
84 12 43.7
84 13 36.0
84 14 20.2
84 15 64.35
84 16 26.27
84 17 23.0
84 18 209.91
84 20 29.29
84 21 13.75
84 22 17.054546
85 0 123.2
85 1 145.6
85 2 121.1
85 3 118.3
85 4 147.06667
85 5 121.6
85 6 12.2
85 8 74.7
85 9 31.0
85 10 20.533333
85 11 25.6
85 12 37.9
85 13 23.237381
85 14 124.78451
85 15 134.61852
85 16 16.974073
85 17 39.7
85 18 26.8
85 19 123.6
85 20 134.2
85 21 15.83
85 22 39.2
85 23 26.5
85 24 124.025
85 25 130.535
85 26 17.45
85 27 25.325
85 28 12.1
85 30 13.2
86 0 152.51988
86 1 120.0
86 2 20.533333
86 3 31.0
86 4 74.7
86 6 25.6
86 7 37.9
86 8 22.873636
86 9 124.78451
86 10 134.61852
86 11 39.7
86 12 26.95
86 13 124.89
86 14 134.2
86 15 15.83
86 16 39.2
86 17 26.5
86 18 124.025
86 19 130.535
86 20 17.45
86 21 25.325
86 22 15.5
86 23 119.4
86 24 145.6
86 25 115.5
86 26 123.8
86 27 15.8
86 29 11.0
87 0 153.89711
87 1 118.1
87 2 22.337437
87 3 31.166666
87 4 74.7
87 6 37.9
87 7 22.873636
87 8 124.78451
87 9 134.61852
87 10 39.7
87 11 26.95
87 12 124.89
87 13 134.2
87 14 39.2
87 15 26.5
87 16 124.025
87 17 130.535
87 18 17.45
87 19 25.325
87 20 15.83
87 21 15.5
87 22 25.6
87 23 113.84
87 24 154.23334
87 25 115.3
87 26 131.21579
87 27 16.366667
88 0 127.1
88 1 146.1
88 2 112.2
88 3 118.1
88 4 153.89711
88 5 125.846954
88 6 12.190434
88 8 78.0
88 9 31.166666
88 10 22.337437
88 11 40.4
88 12 22.873636
88 13 124.78451
88 14 134.61852
88 15 39.7
88 16 26.95
88 17 124.89
88 18 134.2
88 19 39.2
88 20 26.5
88 21 124.025
88 22 130.535
88 23 17.45
88 24 25.325
88 25 15.83
88 26 15.5
88 27 23.9
88 29 11.9
89 0 69.8
89 1 216.5
89 3 48.1
89 4 54.986668
89 5 40.00765
89 6 42.486755
89 7 58.38316
89 8 39.17352
89 9 31.345
89 10 21.355333
89 11 30.9
89 12 135.3
89 13 128.22983
89 14 199.99565
89 16 136.52141
89 17 114.48613
89 18 18.4
89 19 15.23171
89 20 23.55
89 21 23.55
90 0 22.194
90 1 32.0
90 2 41.19208
90 3 41.19208
90 4 32.0
90 5 33.0
90 6 28.9
90 7 22.683332
90 8 13.916667
90 9 30.556932
90 10 20.471428
90 11 14.157143
91 0 36.953335
91 1 32.08
91 2 19.077778
91 3 37.8
91 4 23.0
91 5 36.10628
91 6 30.2
91 7 29.2
91 8 29.2
91 9 29.2
91 10 29.15
91 11 22.8
91 12 14.05
92 0 33.49091
92 1 29.052174
92 2 40.9
92 3 37.33568
92 4 37.33568
92 5 28.166666
92 6 31.9575
92 7 29.052174
92 8 33.49091
92 9 27.4
92 10 20.554546
92 11 21.95
93 0 22.64
93 1 31.805384
93 2 29.62
93 3 30.0
93 4 30.840588
93 5 39.0
93 6 31.4
93 7 30.0
93 8 29.3
93 9 29.6
93 10 29.9
93 11 32.043335
93 12 22.15
93 13 13.97
93 14 64.5
93 16 13.97
94 0 13.907154
94 1 22.787401
94 2 29.17832
94 3 39.306805
94 4 28.106598
94 5 22.87082
94 6 22.87082
95 0 14.1
95 1 20.1
95 2 40.0
95 3 29.5
95 4 45.8
95 5 30.833334
95 6 36.44
95 7 27.744444
95 8 31.6975
95 9 22.55
95 10 13.965
95 11 21.153334
95 12 19.1
96 0 33.3
96 1 70.1
96 2 31.4
96 3 56.4
96 4 42.2
96 5 37.0
96 6 54.8
96 7 39.4
96 8 47.4
96 9 212.57857
96 11 57.9
96 12 43.1
96 13 40.9
96 14 22.6
96 15 52.93
96 16 27.97
96 17 24.13
96 18 39.26
96 19 74.535
96 20 76.75
96 21 45.262703
96 22 26.1
96 23 13.05
96 24 30.1
96 25 25.4
96 26 25.4
96 29 12.38
96 30 11.97
96 31 13.3
97 0 17.7
97 1 142.6
97 2 113.3
97 3 139.95
97 4 116.55
