
(rdkit3) C:\Users\jmn\Documents\CNRS19\Bologne\Biblio\Knapsack>"C:\Users\jmn\Documents\jdk1.8.0_202\bin\java.exe" -Xmx1g -classpath predictorc.jar;nmrshiftdb2/lib/cdk-interfaces.jar;nmrshiftdb2/lib/cdk-io.jar;nmrshiftdb2/lib/cdk-core.jar;nmrshiftdb2/lib/cdk-data.jar;nmrshiftdb2/lib/cdk-standard.jar;nmrshiftdb2/lib/cdk-sdg.jar;nmrshiftdb2/lib/cdk-valencycheck.jar;nmrshiftdb2/lib/vecmath1.2-1.14.jar;nmrshiftdb2/lib/jgrapht.jar;nmrshiftdb2/lib/antlr-2.7.2.jar;nmrshiftdb2/lib/cdk-atomtype.jar;nmrshiftdb2/lib/cdk-ioformats.jar;nmrshiftdb2/lib/cdk-legacy.jar;nmrshiftdb2/lib/guava-17.0.jar;nmrshiftdb2/lib/cdk-smiles.jar;nmrshiftdb2/lib/beam-core-0.9.2.jar;nmrshiftdb2/lib/beam-func-0.9.2.jar;. Demo "allanblackia_2D_tagged.sdf" "4" "3d" 
Duration: 6629
0 0 137.9
0 1 145.3
0 2 109.0
0 3 120.7
0 4 109.0
0 5 145.3
0 7 167.8
1 0 163.8
1 1 111.1
1 2 161.5
1 3 104.0
1 4 155.77676
1 5 93.5
1 7 155.7
1 8 122.2
1 9 181.9
1 11 137.0
1 12 142.7
1 13 154.5
1 14 101.6
1 17 62.0
1 18 26.233334
1 19 123.53509
1 20 131.78474
1 21 17.8
1 22 25.5
1 24 21.9
1 25 123.00714
1 26 132.33888
1 27 17.8
1 28 25.6
2 0 164.6
2 1 97.877975
2 2 163.07002
2 3 107.02
2 4 155.77676
2 5 93.2
2 7 154.56857
2 8 122.0
2 9 181.28
2 11 108.4
2 12 145.40164
2 13 151.18
2 14 100.37013
3 0 164.6
3 1 97.877975
3 2 163.07002
3 3 107.02
3 4 155.77676
3 5 93.2
3 7 136.5
3 8 121.37143
3 9 181.71819
3 11 115.942856
3 12 124.2
3 13 117.43636
3 14 144.24902
4 0 31.642105
4 1 71.50636
4 2 42.321053
4 3 140.8421
4 4 121.42857
4 5 31.982857
4 6 32.145714
4 7 50.37143
4 8 36.5
4 9 37.321053
4 10 18.194736
4 11 21.157143
4 12 38.073685
4 13 42.4735
4 14 56.857143
4 15 24.792307
4 16 26.255629
4 17 56.14143
4 18 40.615715
4 19 134.14929
4 20 135.44286
4 21 43.9636
4 22 31.8
4 23 20.6
4 24 20.6
4 25 25.479252
4 26 11.5152025
4 27 20.257143
4 28 16.592112
5 0 27.32
5 1 78.84081
5 2 38.878666
5 3 55.254665
5 4 36.88909
5 5 38.646667
5 6 50.5
5 7 40.9
5 8 34.4
5 9 18.06
5 10 42.9
5 11 38.1
5 12 25.2
5 13 21.0
5 14 48.4
5 15 43.0
5 16 35.6
5 17 27.5
5 18 18.0
5 19 40.1
5 20 29.9
5 21 48.0
5 22 151.0
5 23 109.4
5 24 19.35
5 25 14.6
5 26 16.129412
5 27 15.865334
5 28 21.898788
5 29 21.898788
6 0 166.13
6 1 96.92667
6 2 165.28
6 3 102.8
6 4 162.52
6 5 96.314285
6 7 82.7
6 8 55.03
6 9 197.6
6 11 108.8
6 12 165.6
6 13 97.5
6 14 160.42728
6 15 104.60555
6 16 154.89627
6 18 164.1909
6 19 103.7
6 20 182.55556
6 22 121.34286
6 23 128.6
6 24 116.0
6 25 161.4
6 26 116.0
6 27 128.6
6 31 128.9
6 32 129.2
6 33 115.0
6 34 158.42667
6 35 115.0
6 36 129.2
7 0 166.13
7 1 96.92667
7 2 165.28
7 3 102.8
7 4 162.52
7 5 96.314285
7 7 82.7
7 8 55.03
7 9 197.6
7 11 108.8
7 12 165.6
7 13 97.5
7 14 160.42728
7 15 104.60555
7 16 154.89627
7 18 166.6
7 19 102.7
7 20 182.55556
7 22 122.0
7 23 114.0
7 24 145.9
7 25 149.9
7 26 115.7
7 27 119.9
7 32 128.9
7 33 129.2
7 34 115.0
7 35 158.42667
7 36 115.0
7 37 129.2
8 0 30.0
8 1 78.4
8 2 39.1
8 3 140.68
8 4 121.99
8 5 32.17692
8 6 31.953846
8 7 50.37143
8 8 36.9
8 9 37.49
8 10 19.5
8 11 21.157143
8 12 38.073685
8 13 42.4735
8 14 56.857143
8 15 24.792307
8 16 26.255629
8 17 56.14143
8 18 40.615715
8 19 20.257143
8 20 134.14929
8 21 135.44286
8 22 43.9636
8 23 31.8
8 24 20.6
8 25 20.6
8 26 25.479252
8 27 11.5152025
8 28 16.592112
8 30 104.43342
8 32 75.9
8 33 70.60345
8 34 78.4
8 35 75.1
8 39 61.1
9 0 154.085
9 1 122.2
9 2 182.01
9 4 106.07183
9 5 156.06686
9 7 94.45652
9 8 158.24681
9 9 98.9
9 10 155.7
9 12 103.8
9 13 145.73024
9 15 137.0
9 16 144.83875
9 17 156.4
9 18 96.91298
9 20 56.3
9 22 60.36485
9 23 26.233334
9 24 123.53509
9 25 131.78474
9 26 17.8
9 27 25.5
10 0 104.0
10 1 155.77676
10 3 155.7
10 4 122.2
10 5 181.9
10 7 129.45
10 8 140.75333
10 9 155.25
10 10 100.37013
10 13 26.163092
10 14 121.45
10 15 139.2
10 16 16.3
10 17 39.6
10 18 26.25
10 19 124.025
10 20 130.535
10 21 17.45
10 22 25.325
10 23 93.5
10 24 163.8
10 25 111.1
10 26 161.5
10 28 21.9
10 29 123.00714
10 30 132.33888
10 31 17.8
10 32 25.6
11 0 155.7
11 1 122.2
11 2 182.01
11 4 102.75714
11 5 155.77676
11 7 93.2
11 8 164.6
11 9 97.6
11 10 163.1
11 13 137.0
11 14 142.7
11 15 154.5
11 16 101.6
11 19 62.0
11 20 26.5
11 21 123.2
11 22 135.6
11 23 39.6
11 24 26.25
11 25 124.025
11 26 130.535
11 27 17.45
11 28 25.325
11 29 16.3
12 0 104.836
12 1 157.0
12 3 150.5
12 4 115.87384
12 5 182.94348
12 7 121.5
12 8 145.21977
12 9 147.07632
12 10 118.8
12 11 22.4
12 12 123.4
12 13 130.8
12 14 18.25847
12 15 25.68247
12 18 76.87666
12 19 132.31
12 20 120.99
12 21 26.963333
12 22 26.963333
12 23 95.819695
12 24 163.772
12 25 111.1
12 26 161.5
12 28 21.9
12 29 123.00714
12 30 132.33888
12 31 17.8
12 32 25.6
13 0 108.73637
13 1 155.7
13 3 136.5
13 4 121.37143
13 5 181.71819
13 7 115.942856
13 8 124.2
13 9 117.43636
13 10 144.24902
13 12 107.3
13 13 137.1
13 14 110.1
13 15 161.8
14 0 106.47143
14 1 156.36029
14 3 165.04266
14 4 120.3
14 5 182.99197
14 7 58.6
14 8 197.2
14 10 150.6227
14 11 96.80434
14 13 40.82135
14 14 120.05958
14 15 134.13504
14 16 18.47907
14 17 25.344187
14 18 40.82135
14 19 120.05958
14 20 134.13504
14 21 18.47907
14 22 25.344187
14 23 93.2
14 24 163.772
14 25 111.1
14 26 161.24286
14 28 21.9
14 29 123.00714
14 30 132.33888
14 31 17.8
14 32 25.6
15 0 104.0
15 1 155.77676
15 3 152.47
15 4 110.14
15 5 182.12
15 7 121.5
15 8 135.76
15 9 150.94
15 10 102.44
15 13 77.43
15 14 132.31
15 15 120.99
15 16 26.845
15 17 26.845
15 18 93.5
15 19 163.8
15 20 107.87222
15 21 161.5
15 23 20.55
15 24 122.4
15 25 133.8
15 26 39.2
15 27 26.25
15 28 124.025
15 29 130.535
15 30 17.45
15 31 25.325
15 32 15.9
16 0 150.1
16 1 115.4
16 2 173.0
16 4 106.07183
16 5 155.77676
16 7 93.01714
16 8 164.33461
16 9 92.2
16 10 161.26256
16 12 56.19282
16 14 55.8
16 15 105.7
16 16 143.9
16 17 151.24274
16 18 96.91298
16 20 56.19737
16 22 56.00375
17 0 122.0
17 1 147.3
17 3 144.2
17 4 108.0
17 5 182.0
17 7 161.0
17 8 112.1
17 9 159.0
17 10 111.9
17 11 42.0
17 12 28.5
17 13 151.2
17 14 112.4
17 15 28.5
17 17 22.3
17 18 123.1
17 19 131.81429
17 20 17.8
17 21 25.6
17 23 152.0
17 24 120.52857
17 25 124.2
17 26 116.0
18 0 48.3
18 1 43.0
18 2 37.5
18 3 60.0
18 4 198.3
18 5 116.5
18 6 193.5
18 8 69.0
18 9 211.34546
18 11 26.6
18 12 119.8
18 13 135.0
18 14 18.3
18 15 26.0
18 16 181.86206
18 18 129.1
18 19 126.8
18 20 115.128
18 21 151.51
18 22 145.448
18 23 115.86429
18 27 41.900208
18 28 44.3
18 29 33.0
18 30 122.95
18 31 131.9
18 32 22.072727
18 33 22.072727
18 34 148.25
18 35 111.8
18 36 18.15
18 37 27.9
18 38 122.5
18 39 133.6
18 40 21.9875
18 41 21.9875
18 42 24.7
18 43 24.7
