
(rdkit3) C:\Users\jmn\Documents\CNRS19\Bologne\Biblio\Knapsack>"C:\Users\jmn\Documents\jdk1.8.0_202\bin\java.exe" -Xmx1g -classpath predictorc.jar;nmrshiftdb2/lib/cdk-interfaces.jar;nmrshiftdb2/lib/cdk-io.jar;nmrshiftdb2/lib/cdk-core.jar;nmrshiftdb2/lib/cdk-data.jar;nmrshiftdb2/lib/cdk-standard.jar;nmrshiftdb2/lib/cdk-sdg.jar;nmrshiftdb2/lib/cdk-valencycheck.jar;nmrshiftdb2/lib/vecmath1.2-1.14.jar;nmrshiftdb2/lib/jgrapht.jar;nmrshiftdb2/lib/antlr-2.7.2.jar;nmrshiftdb2/lib/cdk-atomtype.jar;nmrshiftdb2/lib/cdk-ioformats.jar;nmrshiftdb2/lib/cdk-legacy.jar;nmrshiftdb2/lib/guava-17.0.jar;nmrshiftdb2/lib/cdk-smiles.jar;nmrshiftdb2/lib/beam-core-0.9.2.jar;nmrshiftdb2/lib/beam-func-0.9.2.jar;. Demo "myxococc_2D_tagged.sdf" "4" "3d" 
Duration: 8647
0 0 68.14
0 16 130.535
0 17 17.45
0 18 25.325
0 10 123.66063
0 11 140.03221
0 12 16.279354
0 13 37.576
0 14 26.588888
0 15 124.32727
1 0 130.428
1 1 130.428
1 2 124.49231
1 3 138.75
1 4 40.2
1 5 25.3
1 6 123.749214
1 7 135.19809
1 8 40.1
1 9 26.95
1 10 124.89
1 11 134.2
1 12 39.2
1 13 26.5
1 14 124.025
1 15 130.535
1 16 17.45
1 17 25.325
1 18 15.83
1 19 15.7
1 20 16.45
1 21 124.49231
1 22 138.75
1 23 16.45
1 24 40.2
1 25 25.3
1 26 123.749214
1 27 135.19809
1 28 15.7
1 29 40.1
1 30 26.95
1 31 124.89
1 32 134.2
1 33 15.83
1 34 39.2
1 35 26.5
1 36 124.025
1 37 130.535
1 38 17.45
1 39 25.325
2 0 17.45
2 1 130.535
2 2 122.8
2 3 25.1
2 4 40.2
2 5 138.75
2 6 125.336845
2 7 129.20555
2 8 140.41364
2 9 138.14285
2 10 136.6
2 11 124.5
2 12 138.43889
2 13 137.1309
2 14 134.43546
2 15 130.97728
2 16 130.428
2 17 125.336845
2 18 138.75
2 19 40.2
2 20 25.3
2 21 123.749214
2 22 135.19809
2 23 40.1
2 24 26.95
2 25 124.89
2 26 134.2
2 27 39.2
2 28 26.5
2 29 124.025
2 30 130.535
2 31 17.45
2 32 25.325
2 33 15.83
2 34 15.7
2 35 16.45
2 36 12.816667
2 37 12.9
2 38 16.45
2 39 25.325
3 0 38.233913
3 1 140.03221
3 2 123.66063
3 3 68.14
3 13 16.279354
3 14 27.15
3 15 123.066666
3 16 134.2
3 17 39.2
3 18 26.5
3 19 124.025
3 20 130.535
3 21 17.45
3 22 25.325
3 23 15.83
4 0 38.233913
4 1 140.03221
4 2 123.66063
4 3 68.14
4 13 16.279354
4 14 27.15
4 15 123.066666
4 16 135.19809
4 17 40.1
4 18 26.95
4 19 124.89
4 20 134.2
4 21 39.2
4 22 26.5
4 23 124.025
4 24 130.535
4 25 17.45
4 26 25.325
4 27 15.83
4 28 15.7
5 0 112.6
5 1 141.5
5 2 34.165333
5 3 65.8075
5 9 22.8
6 0 17.45
6 1 130.535
6 2 122.8
6 3 25.1
6 4 40.2
6 5 138.75
6 6 125.336845
6 7 129.20555
6 8 140.41364
6 9 138.14285
6 10 136.6
6 11 124.5
6 12 138.43889
6 13 137.1309
6 14 134.43546
6 15 130.97728
6 16 130.97728
6 17 134.43546
6 18 137.1309
6 19 138.43889
6 20 124.5
6 21 136.6
6 22 138.14285
6 23 140.41364
6 24 129.20555
6 25 125.336845
6 26 138.75
6 27 40.2
6 28 25.1
6 29 122.8
6 30 130.535
6 31 17.45
6 32 25.325
6 33 16.45
6 34 12.9
6 35 12.816667
6 36 12.816667
6 37 12.9
6 38 16.45
6 39 25.325
7 0 17.45
7 1 130.535
7 2 122.8
7 3 25.1
7 4 40.2
7 5 138.75
7 6 125.336845
7 7 129.20555
7 8 140.41364
7 9 138.14285
7 10 136.6
7 11 124.5
7 12 138.43889
7 13 137.1309
7 14 134.43546
7 15 130.97728
7 16 130.97728
7 17 134.43546
7 18 137.1309
7 19 140.41364
7 20 129.20555
7 21 125.336845
7 22 138.75
7 23 40.2
7 24 25.3
7 25 123.749214
7 26 134.2
7 27 39.2
7 28 26.5
7 29 124.025
7 30 130.535
7 31 17.45
7 32 25.325
7 33 15.83
7 34 16.45
7 35 12.816667
7 36 12.816667
7 37 12.9
7 38 16.45
7 39 25.325
8 0 17.45
8 1 130.535
8 2 124.025
8 3 26.5
8 4 39.2
8 5 134.2
8 6 123.749214
8 7 25.3
8 8 40.2
8 9 138.75
8 10 125.336845
8 11 129.20555
8 12 140.41364
8 13 137.1309
8 14 134.43546
8 15 130.97728
8 16 130.428
8 17 124.49231
8 18 138.75
8 19 40.2
8 20 25.3
8 21 123.749214
8 22 135.19809
8 23 15.7
8 24 40.1
8 25 26.95
8 26 124.89
8 27 134.2
8 28 15.83
8 29 39.2
8 30 26.5
8 31 124.025
8 32 130.535
8 33 17.45
8 34 25.325
8 35 16.45
8 36 12.816667
8 37 16.45
8 38 15.83
8 39 25.325
9 0 125.71758
9 1 144.51666
9 2 134.06667
9 3 141.7
9 4 124.2
9 5 140.41364
9 6 138.14285
9 7 136.6
9 8 124.5
9 9 138.43889
9 10 137.1309
9 11 134.43546
9 12 130.97728
9 13 130.97728
9 14 134.43546
9 15 137.1309
9 16 140.41364
9 17 129.20555
9 18 125.336845
9 19 138.75
9 20 40.2
9 21 25.3
9 22 123.749214
9 23 134.2
9 24 39.2
9 25 26.5
9 26 124.025
9 27 130.535
9 28 17.45
9 29 25.325
9 30 15.83
9 31 16.45
9 32 12.816667
9 33 12.816667
9 34 12.9
9 35 12.6
9 36 197.67567
9 38 86.58572
9 39 22.866667
9 40 22.866667
9 42 51.860714
10 0 126.0
10 1 138.1
10 2 136.3
10 3 132.56923
10 4 125.35555
10 5 140.41364
10 6 138.14285
10 7 136.6
10 8 124.5
10 9 138.43889
10 10 137.1309
10 11 134.43546
10 12 130.97728
10 13 130.97728
10 14 134.43546
10 15 137.1309
10 16 140.41364
10 17 129.20555
10 18 125.336845
10 19 138.75
10 20 40.2
10 21 25.3
10 22 123.749214
10 23 134.2
10 24 39.2
10 25 26.5
10 26 124.025
10 27 130.535
10 28 17.45
10 29 25.325
10 30 15.83
10 31 16.45
10 32 12.816667
10 33 12.816667
10 34 12.9
10 35 13.2
10 36 46.4
10 37 77.8
10 38 27.2
10 40 27.2
11 0 137.43333
11 1 130.225
11 2 32.666668
11 3 18.55
11 4 39.233334
11 5 33.833332
11 6 28.625
11 7 28.625
11 8 21.275
11 9 127.5
11 10 137.2
11 11 137.76666
11 12 130.6
11 13 126.009094
11 14 138.43889
11 15 137.1309
11 16 134.43546
11 17 130.97728
11 18 130.97728
11 19 134.43546
11 20 137.1309
11 21 138.43889
11 22 124.5
11 23 136.6
11 24 138.14285
11 25 140.41364
11 26 129.20555
11 27 125.336845
11 28 138.75
11 29 40.2
11 30 25.1
11 31 122.8
11 32 130.535
11 33 17.45
11 34 25.325
11 35 16.45
11 36 12.9
11 37 12.816667
11 38 12.816667
11 39 12.166667
12 0 23.94
12 1 40.436462
12 2 137.08571
12 3 125.336845
12 4 129.20555
12 5 140.41364
12 6 138.14285
12 7 136.6
12 8 124.5
12 9 138.43889
12 10 137.1309
12 11 134.43546
12 12 130.97728
12 13 130.97728
12 14 134.43546
12 15 137.1309
12 16 140.41364
12 17 129.20555
12 18 125.336845
12 19 138.75
12 20 40.2
12 21 25.3
12 22 123.749214
12 23 134.2
12 24 39.2
12 25 26.5
12 26 124.025
12 27 130.535
12 28 17.45
12 29 25.325
12 30 15.83
12 31 16.45
12 32 12.816667
12 33 12.816667
12 34 12.9
12 35 16.4
12 36 40.56
12 37 71.08
12 38 29.133333
12 40 29.133333
13 0 164.6
13 3 148.24202
13 4 116.74
13 5 35.462666
13 6 88.4
13 7 54.3
13 8 13.6
13 9 212.59885
13 11 38.243477
13 12 30.556932
13 13 36.4
13 14 83.0
13 15 38.31957
13 16 79.32798
13 17 41.6
13 18 75.799675
13 19 34.9
13 20 162.2
13 22 139.9
13 23 139.8
13 24 77.6
13 25 33.706608
13 26 132.39091
13 27 128.62317
13 28 130.3
13 29 132.9
13 30 81.6
13 31 38.803352
13 32 65.8
13 33 40.75185
13 34 171.34262
13 39 56.1
13 41 58.137547
13 44 19.55
13 45 19.55
13 47 58.2
13 48 16.1
13 50 56.974285
13 51 27.7
14 0 66.1
14 1 47.4
14 3 168.5
14 5 130.65715
14 6 133.37143
14 7 130.428
14 8 135.8
14 9 133.66
14 10 125.3
14 11 131.1928
14 12 148.93333
14 13 133.02727
14 14 135.3
14 15 38.736362
14 16 17.672728
14 17 82.4
14 18 137.1
14 19 137.275
14 20 34.74074
14 21 30.556932
14 22 35.1
14 23 139.21141
14 24 128.4562
14 25 128.5437
14 26 126.7
14 27 128.5437
14 28 128.4562
14 29 20.677084
14 30 12.393333
14 32 12.536364
14 33 20.12857
14 34 18.0
15 0 45.3
15 1 34.7
15 2 22.1
15 3 43.13
15 4 212.5
15 6 42.55
15 7 23.76
15 8 27.151052
15 9 37.4
15 10 33.53026
15 11 150.0
15 12 125.8
15 13 167.45047
15 16 73.6
15 17 171.1
15 20 45.4
15 21 69.05
15 22 36.0
15 23 72.9
15 24 73.9
15 25 30.34289
15 26 26.833334
15 27 142.45511
15 28 130.0
15 29 126.34103
15 30 139.64
15 31 64.36152
15 33 58.475
15 37 34.0
15 38 18.2
15 39 13.7
15 40 12.6
15 41 21.175
15 42 28.4
15 43 11.9
16 0 36.0
16 1 72.9
16 2 73.9
16 3 30.34289
16 4 26.833334
16 5 142.45511
16 6 130.0
16 7 126.34103
16 8 139.64
16 9 45.3
16 10 34.7
16 11 22.1
16 12 43.13
16 13 212.5
16 15 42.55
16 16 23.76
16 17 26.5
16 18 36.44
16 19 30.4
16 20 40.9
16 21 37.2
16 22 176.0
16 25 73.6
16 26 171.1
16 29 45.4
16 30 69.05
16 32 34.0
16 33 18.2
16 34 13.7
16 35 17.5
16 36 19.76
16 37 28.4
16 38 11.9
16 39 64.36152
16 41 58.475
17 0 45.3
17 1 34.7
17 2 22.1
17 3 43.13
17 4 212.5
17 6 42.55
17 7 23.76
17 8 26.5
17 9 36.44
17 10 30.4
17 11 40.9
17 12 37.2
17 13 176.0
17 16 73.6
17 17 171.1
17 20 45.4
17 21 69.05
17 22 36.0
17 23 72.9
17 24 73.9
17 25 30.34289
17 26 35.682476
17 27 137.2
17 28 126.38182
17 29 126.34103
17 30 139.64
17 31 16.6
17 35 34.0
17 36 18.2
17 37 13.7
17 38 17.5
17 39 19.76
17 40 28.4
17 41 11.9
18 0 45.3
18 1 34.7
18 2 27.151052
18 3 28.92793
18 4 29.774286
18 5 29.774286
18 6 28.92793
18 7 27.151052
18 8 37.4
18 9 33.53026
18 10 150.0
18 11 125.8
18 12 167.45047
18 15 73.6
18 16 171.1
18 19 45.4
18 20 69.05
18 21 36.0
18 22 72.9
18 23 73.9
18 24 30.34289
18 25 26.833334
18 26 142.45511
18 27 130.0
18 28 126.34103
18 29 139.64
18 30 64.36152
18 32 58.475
18 36 34.0
18 37 18.2
18 38 13.7
18 39 12.6
18 40 20.677084
18 41 28.4
18 42 11.9
19 0 45.3
19 1 34.7
19 2 27.151052
19 3 28.92793
19 4 29.774286
19 5 29.774286
19 6 28.92793
19 7 27.166666
19 8 36.44
19 9 30.4
19 10 40.9
19 11 37.2
19 12 176.0
19 15 73.6
19 16 171.1
19 19 45.4
19 20 69.05
19 21 36.0
19 22 72.9
19 23 73.9
19 24 30.34289
19 25 26.833334
19 26 142.45511
19 27 130.0
19 28 126.34103
19 29 139.64
19 30 64.36152
19 32 58.475
19 36 34.0
19 37 18.2
19 38 13.7
19 39 17.5
19 40 19.76
19 41 28.4
19 42 11.9
20 0 155.18813
20 3 131.97183
20 4 116.74
20 5 28.400242
20 6 30.556932
20 7 37.2
20 8 151.3
20 10 166.7
20 12 106.54444
20 13 179.1
20 14 96.80434
20 16 183.73334
20 18 140.4334
20 19 133.02805
20 20 120.85
20 21 137.69629
20 22 42.6
20 23 21.8
20 24 14.3
20 25 16.725925
20 26 12.088572
20 27 18.2
20 29 52.085712
21 0 155.18813
21 3 131.97183
21 4 116.74
21 5 28.400242
21 6 30.556932
21 7 37.2
21 8 151.3
21 10 166.7
21 12 106.54444
21 13 179.1
21 14 96.80434
21 16 183.73334
21 18 140.4334
21 19 133.02805
21 20 120.85
21 21 137.69629
21 22 16.725925
21 23 40.436462
21 24 30.146667
21 25 22.44
21 26 13.786667
21 27 12.088572
21 28 18.2
21 30 52.085712
22 0 39.233334
22 1 18.55
22 2 32.666668
22 3 130.225
22 4 137.43333
22 5 33.833332
22 6 28.625
22 7 28.625
22 8 127.5
22 9 137.2
22 10 137.76666
22 11 130.6
22 12 126.009094
22 13 138.43889
22 14 137.1309
22 15 134.43546
22 16 130.97728
22 17 130.97728
22 18 134.43546
22 19 137.1309
22 20 138.43889
22 21 124.5
22 22 136.6
22 23 138.14285
22 24 140.41364
22 25 125.35555
22 26 132.56923
22 27 136.3
22 28 138.1
22 29 126.0
22 30 46.4
22 31 77.8
22 32 27.2
22 34 27.2
22 35 13.2
22 36 12.9
22 37 12.816667
22 38 12.816667
22 39 12.166667
22 40 21.275
23 0 39.233334
23 1 18.55
23 2 32.666668
23 3 130.225
23 4 137.43333
23 5 33.833332
23 6 28.625
23 7 28.625
23 8 127.5
23 9 137.2
23 10 137.76666
23 11 130.6
23 12 126.009094
23 13 138.43889
23 14 137.1309
23 15 134.43546
23 16 130.97728
23 17 130.97728
23 18 134.43546
23 19 137.1309
23 20 138.43889
23 21 124.5
23 22 136.6
23 23 138.14285
23 24 140.41364
23 25 129.20555
23 26 125.336845
23 27 137.08571
23 28 40.436462
23 29 23.94
23 30 40.56
23 31 71.08
23 32 29.133333
23 34 29.133333
23 35 16.4
23 36 12.9
23 37 12.816667
23 38 12.816667
23 39 12.166667
23 40 21.275
24 0 132.56923
24 1 136.3
24 2 138.1
24 3 126.0
24 4 41.607143
24 5 77.044525
24 7 98.8675
24 8 74.851036
24 9 78.24923
24 10 71.23333
24 11 78.10154
24 13 62.641537
24 18 27.375345
24 19 27.375345
24 20 13.2
24 21 125.35555
24 22 140.41364
24 23 138.14285
24 24 136.6
24 25 124.5
24 26 138.43889
24 27 137.1309
24 28 134.43546
24 29 130.97728
24 30 130.97728
24 31 134.43546
24 32 137.1309
24 33 138.43889
24 34 124.5
24 35 136.6
24 36 138.14285
24 37 140.41364
24 38 129.20555
24 39 125.336845
24 40 138.75
24 41 40.2
24 42 25.1
24 43 122.8
24 44 130.535
24 45 17.45
24 46 25.325
24 47 16.45
24 48 12.9
24 49 12.816667
24 50 12.816667
24 51 12.9
25 0 37.3
25 1 34.2
25 2 199.2
25 4 130.1
25 5 160.1
25 6 35.5
25 7 27.4
25 8 27.4
25 9 129.975
25 10 137.2
25 11 137.76666
25 12 130.6
25 13 126.009094
25 14 138.43889
25 15 137.1309
25 16 134.43546
25 17 130.97728
25 18 130.97728
25 19 134.43546
25 20 137.1309
25 21 138.43889
25 22 124.5
25 23 136.6
25 24 138.14285
25 25 140.41364
25 26 124.5
25 27 136.6
25 28 138.14285
25 29 135.0
25 30 126.2
25 31 126.2
25 32 137.05
25 33 18.8
25 34 26.5
25 35 13.2
25 36 12.9
25 37 12.816667
25 38 12.816667
25 39 12.166667
25 40 13.6
26 0 37.3
26 1 34.2
26 2 199.2
26 4 130.1
26 5 160.1
26 6 35.5
26 7 27.4
26 8 27.4
26 9 129.975
26 10 137.2
26 11 137.76666
26 12 130.6
26 13 126.009094
26 14 138.43889
26 15 137.1309
26 16 134.43546
26 17 130.97728
26 18 130.97728
26 19 134.43546
26 20 137.1309
26 21 138.43889
26 22 124.5
26 23 136.6
26 24 138.14285
26 25 140.41364
26 26 129.20555
26 27 125.336845
26 28 138.75
26 29 40.2
26 30 25.1
26 31 122.8
26 32 130.535
26 33 17.45
26 34 25.325
26 35 16.45
26 36 12.9
26 37 12.816667
26 38 12.816667
26 39 12.166667
26 40 13.6
27 0 37.3
27 1 34.2
27 2 199.2
27 4 130.1
27 5 160.1
27 6 35.5
27 7 27.4
27 8 27.4
27 9 129.975
27 10 137.2
27 11 137.76666
27 12 130.6
27 13 126.009094
27 14 138.43889
27 15 137.1309
27 16 134.43546
27 17 130.97728
27 18 130.97728
27 19 134.43546
27 20 137.1309
27 21 138.43889
27 22 124.5
27 23 136.6
27 24 138.14285
27 25 140.41364
27 26 125.35555
27 27 132.56923
27 28 136.3
27 29 138.1
27 30 126.0
27 31 41.607143
27 32 77.044525
27 34 98.8675
27 35 74.851036
27 36 78.24923
27 37 71.69454
27 38 78.10154
27 40 62.641537
27 45 27.375345
27 46 27.375345
27 47 13.2
27 48 12.9
27 49 12.816667
27 50 12.816667
27 51 12.166667
27 52 13.6
28 0 37.3
28 1 34.2
28 2 199.2
28 4 130.1
28 5 160.1
28 6 35.5
28 7 27.4
28 8 27.4
28 9 129.975
28 10 137.2
28 11 137.76666
28 12 130.6
28 13 126.009094
28 14 138.43889
28 15 137.1309
28 16 134.43546
28 17 130.97728
28 18 130.97728
28 19 134.43546
28 20 137.1309
28 21 138.43889
28 22 124.5
28 23 136.6
28 24 138.14285
28 25 140.41364
28 26 129.20555
28 27 125.336845
28 28 137.08571
28 29 40.436462
28 30 23.94
28 31 40.56
28 32 71.08
28 34 29.133333
28 35 29.133333
28 36 16.4
28 37 12.9
28 38 12.816667
28 39 12.816667
28 40 12.166667
28 41 13.6
29 0 160.1
29 1 134.29503
29 2 200.5
29 4 68.0
29 5 43.971428
29 6 37.1
29 7 29.5
29 8 29.5
29 10 11.215737
29 11 129.975
29 12 137.2
29 13 137.76666
29 14 130.6
29 15 126.009094
29 16 138.43889
29 17 137.1309
29 18 134.43546
29 19 130.97728
29 20 130.97728
29 21 134.43546
29 22 137.1309
29 23 138.43889
29 24 124.5
29 25 136.6
29 26 138.14285
29 27 140.41364
29 28 125.35555
29 29 132.56923
29 30 139.5
29 31 137.7
29 32 130.7
29 33 80.85
29 34 73.15
29 35 25.266666
29 37 25.266666
29 39 12.9
29 40 12.9
29 41 12.816667
29 42 12.816667
29 43 12.166667
30 0 220.2
30 2 41.2
30 3 71.6
30 4 36.9
30 5 36.0
30 6 129.7
30 7 129.1
30 8 135.9
30 9 122.4
30 10 32.0
30 11 78.4
30 13 170.2
30 15 39.4
30 16 71.9
30 17 53.3
30 18 20.17
30 19 20.17
30 21 138.21428
30 22 119.21429
30 23 151.7
30 25 165.59334
30 27 116.042854
30 28 18.886667
30 29 15.657143
30 30 21.3
30 31 16.8
30 33 11.5
31 0 220.2
31 2 41.2
31 3 71.6
31 4 34.7
31 5 33.233334
31 6 25.357727
31 7 38.817856
31 8 135.77077
31 9 123.6
31 10 31.4
31 11 78.57143
31 13 170.2
31 15 39.4
31 16 71.9
31 17 53.3
31 18 20.17
31 19 20.17
31 21 138.21428
31 22 119.21429
31 23 151.7
31 24 116.042854
31 26 165.59334
31 28 18.886667
31 29 15.657143
31 30 25.683332
31 31 13.2
31 33 11.5
32 0 176.23334
32 2 115.28778
32 3 136.57855
32 5 165.6
32 7 152.39333
32 8 115.84545
32 10 123.84038
32 11 129.69615
32 12 78.52916
32 13 48.24735
32 14 212.59885
32 16 50.28
32 17 172.65796
32 20 10.743636
32 22 57.014286
32 23 36.735382
32 24 132.89421
32 25 126.8
32 26 129.26666
32 27 144.2
32 28 29.6
32 29 22.208124
32 30 22.208124
32 31 17.05645
