1 | 1 11 12 13 14 15 16 17 18 19 | 68.14 123.66 140.03 16.28 37.58 26.59 124.33 130.53 17.45 25.32
2 | 1 2 3 4 5 6 7 8 9 10 11 12 13 14 15 16 17 18 19 20 21 22 23 24 25 26 27 28 29 30 31 32 33 34 35 36 37 38 39 40 | 130.43 130.43 124.49 138.75 40.20 25.30 123.75 135.20 40.10 26.95 124.89 134.20 39.20 26.50 124.03 130.53 17.45 25.32 15.83 15.70 16.45 124.49 138.75 16.45 40.20 25.30 123.75 135.20 15.70 40.10 26.95 124.89 134.20 15.83 39.20 26.50 124.03 130.53 17.45 25.32
3 | 1 2 3 4 5 6 7 8 9 10 11 12 13 14 15 16 17 18 19 20 21 22 23 24 25 26 27 28 29 30 31 32 33 34 35 36 37 38 39 40 | 17.45 130.53 122.80 25.10 40.20 138.75 125.34 129.21 140.41 138.14 136.60 124.50 138.44 137.13 134.44 130.98 130.43 125.34 138.75 40.20 25.30 123.75 135.20 40.10 26.95 124.89 134.20 39.20 26.50 124.03 130.53 17.45 25.32 15.83 15.70 16.45 12.82 12.90 16.45 25.32
4 | 1 2 3 4 14 15 16 17 18 19 20 21 22 23 24 | 38.23 140.03 123.66 68.14 16.28 27.15 123.07 134.20 39.20 26.50 124.03 130.53 17.45 25.32 15.83
5 | 1 2 3 4 14 15 16 17 18 19 20 21 22 23 24 25 26 27 28 29 | 38.23 140.03 123.66 68.14 16.28 27.15 123.07 135.20 40.10 26.95 124.89 134.20 39.20 26.50 124.03 130.53 17.45 25.32 15.83 15.70
6 | 1 2 3 4 10 | 112.60 141.50 34.17 65.81 22.80
7 | 1 2 3 4 5 6 7 8 9 10 11 12 13 14 15 16 17 18 19 20 21 22 23 24 25 26 27 28 29 30 31 32 33 34 35 36 37 38 39 40 | 17.45 130.53 122.80 25.10 40.20 138.75 125.34 129.21 140.41 138.14 136.60 124.50 138.44 137.13 134.44 130.98 130.98 134.44 137.13 138.44 124.50 136.60 138.14 140.41 129.21 125.34 138.75 40.20 25.10 122.80 130.53 17.45 25.32 16.45 12.90 12.82 12.82 12.90 16.45 25.32
8 | 1 2 3 4 5 6 7 8 9 10 11 12 13 14 15 16 17 18 19 20 21 22 23 24 25 26 27 28 29 30 31 32 33 34 35 36 37 38 39 40 | 17.45 130.53 122.80 25.10 40.20 138.75 125.34 129.21 140.41 138.14 136.60 124.50 138.44 137.13 134.44 130.98 130.98 134.44 137.13 140.41 129.21 125.34 138.75 40.20 25.30 123.75 134.20 39.20 26.50 124.03 130.53 17.45 25.32 15.83 16.45 12.82 12.82 12.90 16.45 25.32
9 | 1 2 3 4 5 6 7 8 9 10 11 12 13 14 15 16 17 18 19 20 21 22 23 24 25 26 27 28 29 30 31 32 33 34 35 36 37 38 39 40 | 17.45 130.53 124.03 26.50 39.20 134.20 123.75 25.30 40.20 138.75 125.34 129.21 140.41 137.13 134.44 130.98 130.43 124.49 138.75 40.20 25.30 123.75 135.20 15.70 40.10 26.95 124.89 134.20 15.83 39.20 26.50 124.03 130.53 17.45 25.32 16.45 12.82 16.45 15.83 25.32
10 | 1 2 3 4 5 6 7 8 9 10 11 12 13 14 15 16 17 18 19 20 21 22 23 24 25 26 27 28 29 30 31 32 33 34 35 36 37 39 40 41 43 | 125.72 144.52 134.07 141.70 124.20 140.41 138.14 136.60 124.50 138.44 137.13 134.44 130.98 130.98 134.44 137.13 140.41 129.21 125.34 138.75 40.20 25.30 123.75 134.20 39.20 26.50 124.03 130.53 17.45 25.32 15.83 16.45 12.82 12.82 12.90 12.60 197.68 86.59 22.87 22.87 51.86
11 | 1 2 3 4 5 6 7 8 9 10 11 12 13 14 15 16 17 18 19 20 21 22 23 24 25 26 27 28 29 30 31 32 33 34 35 36 37 38 39 41 | 126.00 138.10 136.30 132.57 125.36 140.41 138.14 136.60 124.50 138.44 137.13 134.44 130.98 130.98 134.44 137.13 140.41 129.21 125.34 138.75 40.20 25.30 123.75 134.20 39.20 26.50 124.03 130.53 17.45 25.32 15.83 16.45 12.82 12.82 12.90 13.20 46.40 77.80 27.20 27.20
12 | 1 2 3 4 5 6 7 8 9 10 11 12 13 14 15 16 17 18 19 20 21 22 23 24 25 26 27 28 29 30 31 32 33 34 35 36 37 38 39 40 | 137.43 130.22 32.67 18.55 39.23 33.83 28.62 28.62 21.27 127.50 137.20 137.77 130.60 126.01 138.44 137.13 134.44 130.98 130.98 134.44 137.13 138.44 124.50 136.60 138.14 140.41 129.21 125.34 138.75 40.20 25.10 122.80 130.53 17.45 25.32 16.45 12.90 12.82 12.82 12.17
13 | 1 2 3 4 5 6 7 8 9 10 11 12 13 14 15 16 17 18 19 20 21 22 23 24 25 26 27 28 29 30 31 32 33 34 35 36 37 38 39 41 | 23.94 40.44 137.09 125.34 129.21 140.41 138.14 136.60 124.50 138.44 137.13 134.44 130.98 130.98 134.44 137.13 140.41 129.21 125.34 138.75 40.20 25.30 123.75 134.20 39.20 26.50 124.03 130.53 17.45 25.32 15.83 16.45 12.82 12.82 12.90 16.40 40.56 71.08 29.13 29.13
14 | 1 4 5 6 7 8 9 10 12 13 14 15 16 17 18 19 20 21 23 24 25 26 27 28 29 30 31 32 33 34 35 40 42 45 46 48 49 51 52 | 164.60 148.24 116.74 35.46 88.40 54.30 13.60 212.60 38.24 30.56 36.40 83.00 38.32 79.33 41.60 75.80 34.90 162.20 139.90 139.80 77.60 33.71 132.39 128.62 130.30 132.90 81.60 38.80 65.80 40.75 171.34 56.10 58.14 19.55 19.55 58.20 16.10 56.97 27.70
15 | 1 2 4 6 7 8 9 10 11 12 13 14 15 16 17 18 19 20 21 22 23 24 25 26 27 28 29 30 31 33 34 35 | 66.10 47.40 168.50 130.66 133.37 130.43 135.80 133.66 125.30 131.19 148.93 133.03 135.30 38.74 17.67 82.40 137.10 137.28 34.74 30.56 35.10 139.21 128.46 128.54 126.70 128.54 128.46 20.68 12.39 12.54 20.13 18.00
16 | 1 2 3 4 5 7 8 9 10 11 12 13 14 17 18 21 22 23 24 25 26 27 28 29 30 31 32 34 38 39 40 41 42 43 44 | 45.30 34.70 22.10 43.13 212.50 42.55 23.76 27.15 37.40 33.53 150.00 125.80 167.45 73.60 171.10 45.40 69.05 36.00 72.90 73.90 30.34 26.83 142.46 130.00 126.34 139.64 64.36 58.48 34.00 18.20 13.70 12.60 21.18 28.40 11.90
17 | 1 2 3 4 5 6 7 8 9 10 11 12 13 14 16 17 18 19 20 21 22 23 26 27 30 31 33 34 35 36 37 38 39 40 42 | 36.00 72.90 73.90 30.34 26.83 142.46 130.00 126.34 139.64 45.30 34.70 22.10 43.13 212.50 42.55 23.76 26.50 36.44 30.40 40.90 37.20 176.00 73.60 171.10 45.40 69.05 34.00 18.20 13.70 17.50 19.76 28.40 11.90 64.36 58.48
18 | 1 2 3 4 5 7 8 9 10 11 12 13 14 17 18 21 22 23 24 25 26 27 28 29 30 31 32 36 37 38 39 40 41 42 | 45.30 34.70 22.10 43.13 212.50 42.55 23.76 26.50 36.44 30.40 40.90 37.20 176.00 73.60 171.10 45.40 69.05 36.00 72.90 73.90 30.34 35.68 137.20 126.38 126.34 139.64 16.60 34.00 18.20 13.70 17.50 19.76 28.40 11.90
19 | 1 2 3 4 5 6 7 8 9 10 11 12 13 16 17 20 21 22 23 24 25 26 27 28 29 30 31 33 37 38 39 40 41 42 43 | 45.30 34.70 27.15 28.93 29.77 29.77 28.93 27.15 37.40 33.53 150.00 125.80 167.45 73.60 171.10 45.40 69.05 36.00 72.90 73.90 30.34 26.83 142.46 130.00 126.34 139.64 64.36 58.48 34.00 18.20 13.70 12.60 20.68 28.40 11.90
20 | 1 2 3 4 5 6 7 8 9 10 11 12 13 16 17 20 21 22 23 24 25 26 27 28 29 30 31 33 37 38 39 40 41 42 43 | 45.30 34.70 27.15 28.93 29.77 29.77 28.93 27.17 36.44 30.40 40.90 37.20 176.00 73.60 171.10 45.40 69.05 36.00 72.90 73.90 30.34 26.83 142.46 130.00 126.34 139.64 64.36 58.48 34.00 18.20 13.70 17.50 19.76 28.40 11.90
21 | 1 4 5 6 7 8 9 11 13 14 15 17 19 20 21 22 23 24 25 26 27 28 30 | 155.19 131.97 116.74 28.40 30.56 37.20 151.30 166.70 106.54 179.10 96.80 183.73 140.43 133.03 120.85 137.70 42.60 21.80 14.30 16.73 12.09 18.20 52.09
22 | 1 4 5 6 7 8 9 11 13 14 15 17 19 20 21 22 23 24 25 26 27 28 29 31 | 155.19 131.97 116.74 28.40 30.56 37.20 151.30 166.70 106.54 179.10 96.80 183.73 140.43 133.03 120.85 137.70 16.73 40.44 30.15 22.44 13.79 12.09 18.20 52.09
23 | 1 2 3 4 5 6 7 8 9 10 11 12 13 14 15 16 17 18 19 20 21 22 23 24 25 26 27 28 29 30 31 32 33 35 36 37 38 39 40 41 | 39.23 18.55 32.67 130.22 137.43 33.83 28.62 28.62 127.50 137.20 137.77 130.60 126.01 138.44 137.13 134.44 130.98 130.98 134.44 137.13 138.44 124.50 136.60 138.14 140.41 125.36 132.57 136.30 138.10 126.00 46.40 77.80 27.20 27.20 13.20 12.90 12.82 12.82 12.17 21.27
24 | 1 2 3 4 5 6 7 8 9 10 11 12 13 14 15 16 17 18 19 20 21 22 23 24 25 26 27 28 29 30 31 32 33 35 36 37 38 39 40 41 | 39.23 18.55 32.67 130.22 137.43 33.83 28.62 28.62 127.50 137.20 137.77 130.60 126.01 138.44 137.13 134.44 130.98 130.98 134.44 137.13 138.44 124.50 136.60 138.14 140.41 129.21 125.34 137.09 40.44 23.94 40.56 71.08 29.13 29.13 16.40 12.90 12.82 12.82 12.17 21.27
25 | 1 2 3 4 5 6 8 9 10 11 12 14 19 20 21 22 23 24 25 26 27 28 29 30 31 32 33 34 35 36 37 38 39 40 41 42 43 44 45 46 47 48 49 50 51 52 | 132.57 136.30 138.10 126.00 41.61 77.04 98.87 74.85 78.25 71.23 78.10 62.64 27.38 27.38 13.20 125.36 140.41 138.14 136.60 124.50 138.44 137.13 134.44 130.98 130.98 134.44 137.13 138.44 124.50 136.60 138.14 140.41 129.21 125.34 138.75 40.20 25.10 122.80 130.53 17.45 25.32 16.45 12.90 12.82 12.82 12.90
26 | 1 2 3 5 6 7 8 9 10 11 12 13 14 15 16 17 18 19 20 21 22 23 24 25 26 27 28 29 30 31 32 33 34 35 36 37 38 39 40 41 | 37.30 34.20 199.20 130.10 160.10 35.50 27.40 27.40 129.97 137.20 137.77 130.60 126.01 138.44 137.13 134.44 130.98 130.98 134.44 137.13 138.44 124.50 136.60 138.14 140.41 124.50 136.60 138.14 135.00 126.20 126.20 137.05 18.80 26.50 13.20 12.90 12.82 12.82 12.17 13.60
27 | 1 2 3 5 6 7 8 9 10 11 12 13 14 15 16 17 18 19 20 21 22 23 24 25 26 27 28 29 30 31 32 33 34 35 36 37 38 39 40 41 | 37.30 34.20 199.20 130.10 160.10 35.50 27.40 27.40 129.97 137.20 137.77 130.60 126.01 138.44 137.13 134.44 130.98 130.98 134.44 137.13 138.44 124.50 136.60 138.14 140.41 129.21 125.34 138.75 40.20 25.10 122.80 130.53 17.45 25.32 16.45 12.90 12.82 12.82 12.17 13.60
28 | 1 2 3 5 6 7 8 9 10 11 12 13 14 15 16 17 18 19 20 21 22 23 24 25 26 27 28 29 30 31 32 33 35 36 37 38 39 41 46 47 48 49 50 51 52 53 | 37.30 34.20 199.20 130.10 160.10 35.50 27.40 27.40 129.97 137.20 137.77 130.60 126.01 138.44 137.13 134.44 130.98 130.98 134.44 137.13 138.44 124.50 136.60 138.14 140.41 125.36 132.57 136.30 138.10 126.00 41.61 77.04 98.87 74.85 78.25 71.69 78.10 62.64 27.38 27.38 13.20 12.90 12.82 12.82 12.17 13.60
29 | 1 2 3 5 6 7 8 9 10 11 12 13 14 15 16 17 18 19 20 21 22 23 24 25 26 27 28 29 30 31 32 33 35 36 37 38 39 40 41 42 | 37.30 34.20 199.20 130.10 160.10 35.50 27.40 27.40 129.97 137.20 137.77 130.60 126.01 138.44 137.13 134.44 130.98 130.98 134.44 137.13 138.44 124.50 136.60 138.14 140.41 129.21 125.34 137.09 40.44 23.94 40.56 71.08 29.13 29.13 16.40 12.90 12.82 12.82 12.17 13.60
30 | 1 2 3 5 6 7 8 9 11 12 13 14 15 16 17 18 19 20 21 22 23 24 25 26 27 28 29 30 31 32 33 34 35 36 38 40 41 42 43 44 | 160.10 134.30 200.50 68.00 43.97 37.10 29.50 29.50 11.22 129.97 137.20 137.77 130.60 126.01 138.44 137.13 134.44 130.98 130.98 134.44 137.13 138.44 124.50 136.60 138.14 140.41 125.36 132.57 139.50 137.70 130.70 80.85 73.15 25.27 25.27 12.90 12.90 12.82 12.82 12.17
31 | 1 3 4 5 6 7 8 9 10 11 12 14 16 17 18 19 20 22 23 24 26 28 29 30 31 32 34 | 220.20 41.20 71.60 36.90 36.00 129.70 129.10 135.90 122.40 32.00 78.40 170.20 39.40 71.90 53.30 20.17 20.17 138.21 119.21 151.70 165.59 116.04 18.89 15.66 21.30 16.80 11.50
32 | 1 3 4 5 6 7 8 9 10 11 12 14 16 17 18 19 20 22 23 24 25 27 29 30 31 32 34 | 220.20 41.20 71.60 34.70 33.23 25.36 38.82 135.77 123.60 31.40 78.57 170.20 39.40 71.90 53.30 20.17 20.17 138.21 119.21 151.70 116.04 165.59 18.89 15.66 25.68 13.20 11.50
33 | 1 3 4 6 8 9 11 12 13 14 15 17 18 21 23 24 25 26 27 28 29 30 31 32 | 176.23 115.29 136.58 165.60 152.39 115.85 123.84 129.70 78.53 48.25 212.60 50.28 172.66 10.74 57.01 36.74 132.89 126.80 129.27 144.20 29.60 22.21 22.21 17.06
