1 | 1 2 3 4 5 6 7 8 9 10 13 14 15 16 17 18 19 21 23 24 | 18.50 36.51 45.99 45.98 48.43 35.15 54.78 48.33 52.60 174.27 44.27 76.54 38.73 26.94 157.68 106.11 42.69 205.82 26.14 183.55
2 | 1 3 4 5 8 9 10 11 13 15 | 152.85 152.94 118.50 152.95 39.00 121.00 139.50 67.30 13.60 139.48
3 | 2 3 4 6 8 9 10 11 12 14 | 152.94 118.50 152.95 152.85 39.00 122.86 135.65 19.71 24.16 139.48
4 | 1 2 3 4 7 9 10 12 14 16 17 18 19 20 24 | 85.98 71.72 73.95 88.30 140.85 122.20 149.70 152.10 154.50 39.00 121.00 139.50 13.60 67.30 61.69
5 | 1 2 3 4 7 9 10 12 14 16 17 18 19 21 24 | 85.30 71.72 73.95 88.30 140.85 122.20 149.70 152.10 154.50 39.00 121.00 139.50 67.30 13.60 61.10
6 | 2 3 4 6 8 10 11 12 13 14 17 19 20 21 22 24 | 150.39 122.20 152.95 170.44 13.88 39.00 121.00 139.50 13.60 67.30 140.85 88.38 74.78 71.72 85.98 61.69
7 | 1 2 3 4 5 6 7 8 9 11 | 121.24 114.41 143.99 146.63 111.27 131.96 39.90 137.75 115.63 55.97
8 | 1 2 3 4 6 8 9 10 11 12 13 14 15 16 17 18 21 22 23 24 25 26 27 28 30 31 32 33 34 35 40 41 42 43 | 130.85 131.70 36.40 43.60 165.58 131.83 136.67 124.90 117.20 145.50 149.10 117.30 131.50 44.83 40.70 170.97 42.10 35.30 130.70 130.85 116.49 156.06 116.49 130.85 137.62 121.73 116.30 144.80 145.90 115.80 130.85 116.49 156.06 116.49
9 | 1 2 3 4 6 8 9 10 11 12 13 14 15 16 17 18 21 22 23 24 25 26 27 28 30 31 32 33 34 35 37 41 42 43 44 45 | 130.85 131.70 36.40 43.60 165.58 131.83 136.67 124.90 109.12 147.69 150.90 114.73 131.50 44.83 40.70 170.97 42.10 35.30 130.70 130.85 116.49 156.06 116.49 130.85 134.30 121.73 114.85 145.00 147.40 112.60 56.31 56.10 130.85 116.49 156.06 116.49
10 | 1 2 3 4 7 8 9 10 11 12 13 14 16 17 18 19 20 21 22 25 26 27 28 29 30 31 32 34 36 37 38 39 40 41 43 46 | 130.49 141.19 118.86 166.83 42.00 35.60 130.90 130.85 116.49 156.06 116.49 130.85 109.73 144.74 147.54 124.07 121.10 45.44 170.97 42.10 35.30 130.70 130.85 116.49 156.06 116.49 130.85 87.66 133.60 119.76 114.92 146.27 147.56 109.89 55.70 56.13
11 | 1 2 3 4 7 8 9 10 11 12 13 14 16 17 18 19 20 21 22 25 26 27 28 29 30 31 32 34 36 37 38 39 40 41 45 | 130.49 141.19 118.86 166.83 42.00 35.60 130.90 130.85 116.49 156.06 116.49 130.85 109.73 144.74 147.54 124.07 121.10 45.44 170.97 42.10 35.30 130.70 130.85 116.49 156.06 116.49 130.85 88.93 132.85 119.76 119.00 149.20 148.90 115.81 56.13
12 | 1 2 3 4 5 6 7 8 9 10 11 12 13 14 15 16 19 22 23 24 25 26 27 28 29 31 34 35 36 37 38 39 40 41 | 147.41 144.65 106.20 134.60 133.40 110.63 125.18 127.16 130.16 130.16 138.33 128.01 116.75 146.05 146.60 115.10 165.21 40.30 35.63 131.06 130.85 116.49 156.06 116.49 130.85 169.40 40.30 35.63 131.06 130.85 116.49 156.06 116.49 130.85
13 | 1 2 3 4 6 8 9 10 11 12 13 14 15 18 21 22 23 24 25 26 27 30 31 32 33 34 35 36 37 39 40 42 43 44 45 46 | 130.85 131.06 35.63 40.97 171.49 78.66 72.90 133.30 111.36 147.49 146.11 114.97 119.71 56.37 149.59 151.40 111.80 130.10 140.20 118.96 166.60 42.00 35.60 130.90 130.85 116.49 156.06 116.49 130.85 122.20 118.20 56.10 130.85 116.49 156.06 116.49
14 | 1 2 3 4 6 8 9 10 11 12 13 14 15 18 20 21 22 23 24 25 26 29 30 31 32 33 34 35 36 38 39 41 42 43 44 45 | 130.85 131.06 35.63 40.97 161.35 146.49 111.25 126.10 109.38 148.76 149.04 115.59 125.05 55.70 149.00 148.24 110.11 130.10 140.20 118.96 166.60 42.00 35.60 130.90 130.85 116.49 156.06 116.49 130.85 121.23 110.96 56.00 130.85 116.49 156.06 116.49
15 | 1 2 3 4 5 6 8 9 10 12 13 14 15 16 17 20 21 22 23 24 | 164.30 111.10 160.50 101.60 161.21 94.30 80.20 43.60 196.70 130.40 129.00 116.30 158.43 116.30 129.00 21.90 123.01 132.34 17.80 25.60
16 | 1 2 3 4 5 6 8 9 10 12 13 14 15 16 17 20 | 164.60 99.00 161.40 104.85 158.83 95.01 162.70 104.10 182.61 124.15 108.62 149.30 149.55 116.30 119.90 55.70
17 | 1 2 3 4 5 6 7 8 9 10 11 13 19 20 21 23 24 25 26 27 28 | 162.50 98.00 161.30 103.90 155.90 103.60 73.65 71.05 78.60 70.40 81.50 61.40 163.90 102.50 181.90 121.60 128.60 116.00 161.40 116.00 128.60
18 | 1 2 3 4 7 | 22.30 26.00 43.30 180.00 22.30
19 | 1 5 | 22.60 22.60
20 | 1 2 4 5 6 7 10 | 130.00 141.45 146.55 130.16 127.86 176.10 48.40
21 | 1 2 4 5 6 8 9 10 11 13 15 16 17 18 19 20 22 23 24 25 26 | 37.70 59.82 49.70 25.60 48.00 49.36 27.20 27.00 40.07 172.31 69.35 126.00 124.05 34.37 65.90 73.90 32.01 26.75 32.00 23.05 14.85
22 | 1 2 3 4 5 6 8 9 10 11 12 13 14 15 16 17 19 20 21 22 23 | 142.62 108.66 155.20 109.80 155.50 108.73 78.90 128.10 118.40 26.70 42.10 23.60 124.47 131.94 17.75 25.77 34.95 30.90 31.40 22.51 14.06
23 | 1 2 3 4 5 6 7 8 9 13 14 15 16 17 19 25 | 148.24 152.10 96.91 149.95 111.70 109.49 143.30 113.57 161.45 99.70 73.10 76.05 69.69 77.15 61.08 56.00
24 | 1 2 3 5 6 7 8 9 10 11 13 16 17 19 20 21 22 23 24 25 27 30 | 50.10 50.10 82.00 72.25 132.90 104.19 150.39 136.10 150.39 104.19 56.15 56.15 72.25 82.00 132.90 104.19 150.39 134.06 150.39 104.19 56.27 56.27
25 | 1 2 3 4 5 6 8 9 10 11 12 14 15 16 17 18 19 20 21 22 23 | 108.80 154.97 108.72 139.97 108.72 154.97 35.31 31.29 31.45 22.51 14.06 37.18 123.10 134.75 30.31 26.94 38.02 146.06 112.52 19.10 23.45
26 | 1 2 3 4 5 6 8 11 12 13 14 15 17 18 19 20 21 22 23 24 25 26 | 108.62 154.97 113.16 135.43 111.20 164.30 173.30 33.65 30.89 31.58 22.58 14.06 37.18 123.10 134.75 30.31 26.94 38.02 146.06 112.52 19.10 23.45
27 | 1 2 3 4 5 6 8 9 10 11 12 14 15 16 17 18 19 20 21 22 23 | 109.20 154.70 107.70 142.80 110.10 154.20 34.95 30.90 31.40 22.51 14.06 77.40 45.90 33.70 123.90 134.30 25.10 31.20 23.40 23.45 23.45
28 | 1 2 3 4 5 7 8 9 10 11 12 14 16 17 18 19 21 22 23 24 25 | 176.92 122.40 168.41 108.85 193.77 76.50 37.62 115.99 137.00 21.77 21.77 194.88 46.90 24.58 22.44 22.44 29.33 120.61 133.61 18.98 24.29
29 | 1 2 3 4 5 7 8 9 10 11 12 13 14 15 16 17 18 19 20 21 22 24 26 27 28 29 | 186.02 109.24 164.70 110.60 199.89 39.32 40.82 120.06 134.14 18.48 25.34 40.82 120.06 134.14 18.48 25.34 20.60 122.40 131.20 19.26 23.67 194.88 46.90 24.58 22.44 22.44
30 | 1 2 3 4 6 7 8 9 11 13 14 15 16 19 20 21 22 23 24 25 26 | 51.56 48.76 41.12 210.18 84.22 176.92 115.60 205.22 194.88 46.90 24.58 22.44 22.44 47.50 48.12 39.60 147.26 113.09 23.74 26.30 26.30
31 | 1 2 3 4 5 6 8 9 10 11 12 13 14 15 | 100.47 157.50 108.10 145.60 108.10 157.50 37.16 36.95 135.31 130.60 116.10 156.30 116.10 130.60
32 | 1 2 3 4 5 6 7 8 9 10 11 12 13 14 15 | 39.41 36.96 44.34 44.78 21.80 36.26 33.23 19.82 19.82 54.28 143.91 116.10 30.08 23.04 19.27
33 | 1 2 3 4 5 6 7 8 9 10 11 12 13 14 15 | 39.70 133.20 125.00 42.00 37.40 141.00 127.70 40.40 139.20 125.80 23.30 17.90 27.10 27.10 15.15
34 | 1 2 3 4 5 6 7 8 9 10 11 12 13 14 15 | 23.50 36.90 150.90 105.30 49.80 35.80 41.90 41.10 23.43 42.14 25.33 151.34 110.26 21.54 16.30
35 | 1 2 3 4 5 6 7 8 9 10 11 12 13 14 15 16 17 18 19 20 21 22 23 24 25 28 29 30 31 32 | 27.20 78.84 38.55 55.05 36.56 38.52 47.29 39.19 32.69 17.98 41.92 139.00 125.44 22.99 53.10 48.40 23.90 28.20 36.80 30.70 38.90 39.20 16.90 20.89 180.30 22.69 16.59 15.24 21.90 21.90
36 | 1 2 3 4 5 6 7 8 9 10 11 12 13 14 15 16 17 18 19 20 21 22 23 24 25 26 27 28 29 | 31.64 71.51 42.32 140.84 121.43 31.98 32.15 50.37 36.50 37.32 18.19 21.16 39.91 42.30 56.86 24.30 28.30 56.10 36.30 34.00 26.40 46.05 28.95 19.20 19.20 23.00 12.30 18.80 15.17
37 | 1 2 3 4 5 6 7 8 9 10 11 12 13 14 15 16 17 18 19 20 21 22 23 24 25 26 27 28 29 | 31.64 71.51 42.32 140.84 121.43 31.98 32.15 50.37 36.50 37.32 18.19 21.16 38.07 42.47 56.86 24.79 26.26 56.14 40.62 134.15 135.44 43.96 31.80 20.60 20.60 25.48 11.52 20.26 16.59
38 | 1 2 3 4 5 6 7 8 9 10 11 12 13 14 15 16 17 18 19 20 21 22 23 24 25 27 28 29 30 31 | 27.32 78.84 38.88 55.25 36.89 38.65 50.50 41.00 34.40 18.06 42.70 37.55 25.20 20.90 48.90 48.20 29.60 27.17 34.40 30.10 48.05 150.85 109.90 19.20 60.05 14.80 16.13 15.87 21.90 21.90
39 | 1 2 3 4 5 6 8 9 10 12 13 14 15 16 17 19 22 23 24 25 26 27 28 29 30 31 | 163.77 107.87 158.60 103.70 155.40 93.20 160.55 104.10 181.45 124.15 119.90 116.30 149.55 149.30 108.62 55.70 20.55 122.40 133.80 39.20 26.25 124.03 130.53 17.45 25.32 15.90
40 | 1 2 3 4 5 6 8 9 10 12 13 14 15 16 17 19 22 23 24 25 26 | 163.77 111.10 158.60 103.70 155.40 93.20 160.55 104.10 181.45 124.15 119.90 116.30 149.55 149.30 108.62 55.70 21.90 123.01 132.34 17.80 25.60
41 | 1 2 3 4 5 6 8 9 10 12 13 14 15 16 17 20 21 22 23 24 | 163.77 111.10 158.60 103.70 155.40 93.20 164.64 104.50 181.70 121.20 126.60 115.90 161.40 115.90 126.60 21.90 123.01 132.34 17.80 25.60
42 | 1 2 3 4 5 6 8 9 10 12 13 14 15 16 17 22 23 24 25 26 28 | 163.10 99.60 161.05 105.18 157.05 95.10 162.70 104.10 182.61 127.13 119.90 115.70 149.90 145.90 114.00 102.40 78.60 78.34 69.69 78.40 61.08
43 | 1 2 3 4 5 6 8 9 10 12 13 14 15 16 17 21 22 23 24 25 | 164.60 99.00 161.40 103.60 158.66 94.20 162.90 104.10 182.50 122.30 108.62 149.00 136.60 146.37 115.12 103.60 74.70 77.40 71.10 66.90
44 | 1 2 3 4 5 6 8 9 10 13 14 15 16 17 19 24 26 27 28 29 33 34 35 36 37 38 39 | 164.18 98.94 161.00 104.73 156.50 93.72 156.83 132.67 177.33 100.37 78.81 78.29 71.50 77.70 62.60 100.79 68.48 71.98 70.73 70.73 18.17 121.11 130.94 115.18 160.12 115.18 130.94
45 | 1 2 3 4 5 6 8 9 10 13 14 15 16 17 19 21 22 23 24 25 27 31 32 33 34 35 37 44 45 46 47 48 49 | 164.18 98.94 161.00 104.73 156.50 93.72 159.40 135.80 179.60 105.60 74.10 74.90 70.00 75.50 67.97 101.15 75.70 74.52 72.89 70.01 18.01 101.84 70.73 72.25 71.98 68.48 18.17 121.11 130.94 115.18 160.12 115.18 130.94
46 | 1 2 3 4 5 6 8 9 10 13 14 15 16 17 19 21 22 23 24 25 27 31 32 33 34 35 37 44 45 46 47 48 49 | 164.18 98.94 161.00 102.80 156.50 93.67 157.18 133.10 176.90 103.15 74.10 74.90 70.00 75.50 68.84 101.15 75.70 74.52 72.89 70.01 18.01 101.84 70.73 70.73 71.98 68.48 18.17 121.33 121.63 115.50 148.78 145.16 115.60
47 | 1 2 3 4 5 6 8 9 10 13 14 15 16 17 19 21 22 23 24 25 27 34 36 37 38 39 43 44 45 46 47 48 49 | 164.18 98.94 161.46 103.67 156.38 93.67 156.55 134.90 177.33 101.10 77.43 76.65 71.40 76.55 67.10 100.29 70.36 70.69 71.85 68.32 17.84 100.79 68.48 71.98 70.73 70.73 18.52 121.33 121.63 115.50 148.78 145.16 115.60
48 | 1 2 3 4 5 6 8 9 10 13 14 15 16 17 18 22 23 24 25 26 28 | 164.18 99.18 161.85 105.34 157.05 94.02 144.97 136.20 175.26 123.70 108.62 149.00 136.60 146.37 109.00 101.94 73.95 76.05 69.68 77.15 60.81
49 | 1 2 3 4 5 6 7 8 9 10 11 13 19 20 21 23 24 25 26 27 28 30 | 162.50 98.00 161.30 103.90 155.90 103.60 73.65 71.00 78.60 70.40 81.50 61.40 163.90 102.50 181.90 121.34 128.54 114.34 162.23 114.34 128.54 56.57
50 | 1 2 3 4 5 6 7 8 9 10 11 13 18 19 20 21 22 24 30 31 32 34 35 36 37 38 39 | 163.30 98.10 161.00 104.60 157.00 104.60 71.40 73.90 78.60 72.80 82.20 61.80 102.96 75.44 77.48 69.90 77.71 61.60 166.60 102.70 183.10 122.00 114.00 145.90 149.90 115.70 119.90
51 | 1 2 3 4 5 6 7 8 9 10 11 13 19 20 21 23 24 25 26 27 28 33 34 35 36 37 39 | 156.07 96.44 162.64 106.50 156.80 109.60 72.00 74.50 80.30 72.50 82.50 62.90 166.60 102.70 183.10 122.00 114.00 145.90 149.90 115.70 119.90 102.42 74.12 75.86 69.68 77.20 60.81
52 | 1 2 3 4 5 6 7 8 9 10 11 13 19 20 21 23 24 25 26 27 28 30 33 34 35 36 37 39 | 156.07 96.44 162.64 106.50 156.80 109.60 72.00 74.50 80.30 72.50 82.50 62.90 163.90 102.50 183.60 121.34 128.54 114.34 162.23 114.34 128.54 56.57 102.42 74.12 75.86 69.68 77.20 61.08
53 | 1 2 3 4 5 6 7 8 9 10 11 13 18 19 20 21 22 24 30 31 32 34 35 36 37 38 39 | 163.30 98.10 161.30 104.20 156.37 104.60 71.40 73.90 77.96 72.80 82.20 61.80 105.28 75.44 78.40 72.44 78.35 62.69 163.90 102.50 181.90 121.60 128.60 116.00 161.40 116.00 128.60
54 | 1 2 3 4 5 6 8 9 11 12 13 14 15 16 17 18 21 | 164.30 93.11 161.26 107.27 161.26 93.11 56.19 193.88 127.03 144.00 127.60 130.50 116.00 159.62 116.00 130.50 56.19
55 | 1 2 3 4 5 6 8 9 11 12 13 14 15 16 17 18 22 | 166.00 93.70 168.30 106.40 162.50 91.10 55.40 193.20 129.00 143.17 126.00 130.50 116.00 159.62 116.00 130.50 56.40
56 | 1 2 3 4 5 6 7 8 9 11 12 13 14 15 16 18 19 20 21 22 24 | 128.58 135.87 128.58 128.94 128.45 128.94 142.50 126.46 194.00 106.07 163.07 94.00 158.11 113.76 161.24 21.45 122.21 130.50 17.80 25.60 55.99
57 | 1 2 3 4 5 6 8 9 10 12 13 14 15 16 17 19 20 21 22 23 26 | 130.50 126.00 130.50 116.00 159.62 116.00 142.50 123.80 194.40 106.80 162.40 92.30 163.90 110.20 165.90 23.30 123.01 132.34 17.80 25.60 55.70
58 | 1 2 3 4 5 6 8 9 10 12 13 14 15 16 17 19 20 21 22 23 25 27 | 130.50 126.00 130.50 116.00 159.62 116.00 142.50 123.80 193.63 106.63 164.70 100.12 158.11 113.76 161.24 21.45 122.21 130.50 17.80 25.60 55.99 56.20
59 | 1 2 3 4 5 6 8 9 10 13 14 15 16 17 18 | 164.66 100.91 162.65 108.51 156.00 97.79 81.81 70.88 70.03 129.44 114.93 146.10 146.62 116.06 119.28
60 | 1 2 3 4 7 9 11 12 14 16 17 18 19 20 23 | 84.00 71.00 74.20 89.20 149.70 152.10 154.50 122.20 140.85 39.00 122.86 135.65 19.71 24.16 64.70
61 | 1 2 3 4 5 6 7 8 9 10 11 13 14 15 17 18 19 20 21 22 | 156.53 108.50 127.40 115.30 163.20 112.00 23.20 122.45 133.30 18.26 25.68 80.80 44.80 194.10 131.50 128.90 116.24 157.67 116.24 128.90
62 | 1 2 3 4 5 6 7 8 9 10 11 13 14 15 17 18 19 20 21 22 | 163.60 96.80 162.30 103.20 159.90 106.10 21.80 121.70 133.30 18.26 25.68 79.80 43.00 197.00 130.40 128.90 116.24 157.67 116.24 128.90
63 | 1 2 3 4 5 6 7 8 9 10 11 13 14 15 17 18 19 20 21 22 25 | 158.10 91.88 161.26 107.27 159.50 106.10 21.80 121.70 133.30 18.26 25.68 79.80 43.15 197.05 130.40 128.90 116.24 157.67 116.24 128.90 56.19
64 | 1 2 3 5 6 7 8 9 10 12 | 36.20 24.60 86.97 85.30 142.10 111.10 26.60 70.80 25.45 25.45
65 | 1 2 3 4 5 6 7 9 10 11 | 34.58 34.58 92.17 33.36 33.36 79.99 25.23 36.95 17.00 17.00
66 | 1 2 3 4 5 6 7 8 9 11 | 120.90 140.47 37.17 75.70 32.70 23.73 143.30 109.60 18.70 23.63
67 | 1 2 3 4 5 6 7 8 9 10 11 12 13 14 15 | 145.18 120.20 25.70 23.00 41.64 39.81 38.14 128.66 123.10 21.83 20.89 29.60 29.07 21.65 20.09
68 | 1 2 3 4 5 6 7 8 9 10 11 12 13 14 15 | 41.90 32.50 49.55 147.76 107.33 37.00 23.50 27.90 128.66 123.10 20.89 21.83 28.70 41.40 22.35
69 | 1 2 3 4 5 6 8 10 11 12 13 14 15 16 17 20 21 22 23 24 25 26 27 28 29 | 99.02 160.84 107.87 161.24 106.07 163.07 194.00 126.46 143.17 126.00 130.50 116.00 159.62 116.00 130.50 20.55 122.40 133.80 39.20 26.25 124.03 130.53 17.45 25.32 15.90
70 | 1 2 3 4 5 6 8 9 11 12 13 14 15 16 17 18 21 22 24 25 26 | 91.10 163.30 105.20 165.20 104.50 160.60 55.70 191.70 123.80 142.50 126.00 130.50 116.00 159.62 116.00 130.50 28.80 73.70 148.00 109.80 17.30
71 | 1 2 3 4 5 6 8 9 11 12 13 14 15 16 17 18 21 22 23 24 25 27 28 29 30 31 | 111.25 155.12 108.20 162.90 106.07 159.76 61.41 194.00 126.46 143.17 126.00 130.50 116.00 159.62 116.00 130.50 21.20 123.10 131.81 17.80 25.60 22.10 121.00 134.00 17.80 25.60
72 | 1 2 3 4 5 6 7 9 10 11 12 13 14 15 16 19 20 21 22 23 25 26 27 28 29 | 162.90 111.84 151.20 106.83 152.52 106.07 194.00 126.46 143.17 126.00 130.50 116.00 159.62 116.00 130.50 77.83 128.79 116.20 28.00 28.00 24.77 122.52 132.67 18.26 25.68
73 | 1 2 3 4 5 6 8 10 11 12 13 14 15 16 17 20 21 22 23 24 26 | 94.00 158.11 113.76 161.24 106.07 163.07 194.00 126.46 143.17 126.00 130.50 116.00 159.62 116.00 130.50 21.45 122.21 130.50 17.80 25.60 55.99
74 | 1 2 3 4 5 6 7 8 9 11 12 13 14 15 16 18 20 21 22 23 24 | 159.62 116.00 130.50 126.00 130.50 116.00 142.50 125.83 193.47 106.70 158.04 104.99 159.58 96.18 164.70 56.20 77.98 127.70 115.80 28.28 28.28
75 | 1 2 3 4 5 6 7 8 9 11 12 13 14 15 16 18 20 21 22 23 24 | 159.62 116.00 130.50 126.00 130.50 116.00 142.50 123.80 193.63 106.63 161.24 101.80 160.10 93.74 164.70 56.20 74.35 31.43 16.23 26.46 26.46
76 | 1 2 3 4 5 6 7 8 9 11 12 13 14 15 16 18 20 21 22 24 25 | 159.62 116.00 130.50 126.00 130.50 116.00 142.50 123.80 193.63 106.63 161.24 102.90 160.10 93.74 164.70 56.20 77.10 70.10 33.16 23.10 23.10
77 | 1 2 3 4 5 6 7 8 9 10 11 13 15 16 17 18 19 20 21 22 25 | 163.90 91.88 161.10 104.30 161.24 111.10 21.90 123.01 132.34 17.80 25.60 203.70 45.00 30.46 132.50 130.30 116.00 156.30 116.00 130.30 55.60
78 | 1 2 3 4 5 6 9 10 11 12 13 14 15 16 17 20 21 22 23 24 25 | 124.18 135.43 125.43 110.30 148.43 147.08 56.10 33.29 38.20 144.80 106.75 161.55 99.37 158.05 108.25 55.36 26.23 123.54 131.78 17.80 25.50
79 | 1 2 3 4 5 6 7 8 9 10 11 12 13 14 17 | 116.10 156.30 116.10 130.60 135.31 130.60 38.83 39.30 145.10 106.50 161.55 99.37 158.05 109.00 55.36
80 | 1 2 3 4 5 6 7 8 9 10 11 12 13 14 16 | 125.43 113.20 155.25 111.30 124.35 136.20 29.20 27.68 139.43 114.40 164.12 100.69 162.94 112.36 55.59
81 | 1 2 3 4 5 6 7 8 9 10 11 12 13 14 16 20 | 125.43 110.30 149.35 143.95 119.45 135.43 27.68 27.68 139.43 120.89 164.12 100.69 162.94 112.36 55.59 55.85
82 | 1 2 3 4 5 6 8 9 10 11 12 13 14 15 18 | 36.77 33.30 31.46 68.93 28.45 33.30 139.20 145.14 29.70 35.74 112.36 162.94 100.69 158.95 55.59
83 | 1 2 3 4 5 6 8 9 10 11 12 13 14 15 18 | 36.77 33.30 28.45 68.93 31.46 33.30 139.20 145.14 29.70 35.74 112.36 162.94 100.69 158.95 55.59
84 | 1 2 3 4 5 6 7 8 9 10 12 13 14 15 17 | 158.95 100.69 162.94 112.36 145.14 133.07 50.50 152.75 127.20 185.50 127.20 152.75 33.75 29.70 55.59
85 | 1 2 3 4 6 7 8 9 10 11 12 13 14 15 17 | 41.37 31.50 35.20 198.70 126.00 144.03 139.20 145.14 29.70 35.74 112.56 162.27 97.79 156.07 55.92
86 | 1 2 3 4 5 6 7 8 9 10 12 13 14 15 17 | 158.95 100.69 162.94 112.36 145.14 133.07 43.50 36.11 38.11 209.21 38.11 36.11 33.75 29.70 55.59
87 | 1 2 3 4 5 6 7 8 9 10 12 13 14 15 18 | 156.07 97.79 162.27 112.56 145.14 133.07 43.50 36.11 38.11 209.21 38.11 36.11 33.75 29.70 55.92
88 | 1 2 3 4 5 6 7 8 9 10 11 | 13.97 22.15 32.04 28.72 29.04 29.47 29.40 29.42 25.93 32.83 62.68
89 | 1 2 3 4 5 6 7 8 9 10 11 12 13 14 15 | 36.23 135.90 123.70 39.80 38.02 27.17 135.96 121.20 23.80 41.50 28.50 21.85 21.85 21.90 23.70
90 | 1 2 3 4 5 6 7 8 9 10 11 12 13 14 15 | 126.67 144.20 133.75 141.37 29.76 27.49 21.21 125.20 127.60 135.53 128.46 20.88 29.90 21.60 21.60
91 | 1 2 3 4 5 6 7 8 9 10 11 12 13 14 15 | 121.53 127.10 134.70 139.27 130.16 140.38 29.54 23.56 23.56 136.67 140.47 29.75 27.14 23.63 18.41
92 | 1 2 3 4 5 6 7 8 9 10 11 12 13 14 15 | 28.14 31.83 55.73 50.30 39.70 16.00 22.30 28.70 28.00 30.68 147.08 114.10 18.40 22.35 22.35
93 | 1 2 3 4 5 6 7 8 9 10 11 12 13 14 15 16 17 18 19 20 21 22 23 26 27 28 29 30 31 32 | 26.80 76.30 41.50 52.70 37.10 38.20 135.00 133.40 26.30 20.50 40.00 37.10 30.80 21.10 49.63 30.00 37.31 25.10 35.85 30.35 42.49 35.89 182.23 27.13 32.10 18.88 21.70 19.00 25.30 25.30
94 | 1 2 4 5 6 7 8 9 10 11 12 13 | 29.84 209.43 43.75 23.75 29.26 23.78 29.54 29.04 28.72 32.04 22.15 13.97
95 | 1 2 4 5 6 7 8 9 10 11 12 13 14 15 16 17 18 19 20 21 22 23 24 25 26 27 28 29 30 | 33.04 198.08 123.96 169.95 38.55 35.65 54.36 44.03 30.80 32.40 57.40 42.47 38.07 21.16 56.14 26.26 24.79 40.62 134.15 135.44 43.96 25.48 11.52 31.80 20.60 20.60 20.26 16.59 17.05
96 | 1 2 3 4 6 7 9 11 12 13 14 15 16 17 18 19 22 23 24 25 26 | 122.40 176.92 76.50 193.77 113.40 168.41 201.56 43.55 25.30 11.10 14.57 37.62 115.99 137.00 21.77 21.77 29.33 120.61 133.61 18.98 24.29
97 | 1 2 3 4 5 7 8 9 10 11 12 13 14 15 16 17 18 20 21 22 23 25 26 27 28 29 | 186.02 122.40 168.41 108.85 199.89 39.32 40.82 120.06 134.14 18.48 25.34 40.82 120.06 134.14 18.48 25.34 201.56 44.30 25.30 11.10 14.57 29.33 120.61 133.61 18.98 24.29
98 | 1 2 3 4 6 7 9 11 12 13 14 15 16 17 18 21 22 23 24 25 | 122.40 176.92 76.50 193.77 113.40 168.41 208.60 35.20 19.10 19.10 37.62 115.99 137.00 21.77 21.77 29.33 120.61 133.61 18.98 24.29
99 | 1 2 3 4 5 6 8 10 11 12 13 14 15 16 17 20 21 22 23 24 | 99.02 160.84 111.10 161.24 106.07 163.07 194.00 126.46 143.17 126.00 130.50 116.00 159.62 116.00 130.50 21.90 123.01 132.34 17.80 25.60
100 | 1 2 3 4 5 6 7 8 9 10 11 12 13 14 15 16 17 18 19 20 22 24 25 26 27 28 29 30 31 33 35 36 37 38 39 40 41 42 43 44 | 48.90 48.20 29.60 27.17 42.70 37.55 25.20 20.90 51.43 41.00 30.77 17.55 51.60 37.15 38.35 25.05 80.30 38.45 22.27 22.27 167.50 115.00 145.60 127.53 123.82 115.45 149.24 148.87 111.81 55.70 16.35 16.13 14.80 34.40 30.10 48.05 150.85 109.90 19.20 60.05
101 | 1 2 3 4 5 6 7 8 9 10 11 12 13 14 16 | 43.75 23.75 29.26 23.78 29.54 29.62 29.42 29.07 29.04 28.72 32.04 22.15 13.97 209.43 29.84
102 | 1 2 3 4 5 6 7 8 9 10 11 12 16 17 18 19 20 21 22 23 24 25 | 156.63 110.66 160.43 111.20 135.43 113.16 33.65 30.89 31.58 22.58 14.06 173.30 21.19 121.80 133.80 39.20 26.25 124.03 130.53 17.45 25.32 15.90
103 | 1 2 3 5 6 7 8 9 10 11 12 14 15 16 17 18 19 20 21 22 23 24 26 27 28 29 | 168.41 108.85 200.44 40.51 174.40 122.40 29.33 120.61 133.61 18.98 24.29 77.66 131.80 144.03 27.87 27.87 36.03 118.73 135.29 20.12 24.99 194.88 46.90 24.58 22.44 22.44
104 | 1 2 3 4 5 6 8 9 11 12 14 15 17 18 19 20 22 23 24 25 26 27 28 29 30 31 | 39.32 186.02 109.24 154.13 113.49 199.89 26.20 92.31 71.87 25.08 25.08 194.88 46.90 24.58 22.44 22.44 40.82 120.06 134.14 18.48 25.34 40.82 120.06 134.14 18.48 25.34
105 | 1 2 3 4 5 6 8 9 11 12 14 15 16 17 18 19 20 21 22 23 24 26 28 29 30 31 | 108.85 168.41 122.40 176.11 59.20 200.44 28.90 86.97 69.20 25.60 25.60 36.03 120.90 135.29 20.12 24.99 29.33 120.61 133.61 18.98 24.29 194.88 46.90 24.58 22.44 22.44
106 | 1 2 3 4 5 6 8 9 11 12 14 15 16 17 18 19 20 21 22 23 24 26 28 29 30 | 108.85 168.41 122.40 176.11 60.00 200.44 26.30 86.97 70.80 25.45 25.45 36.03 120.90 135.29 20.12 24.99 29.33 120.61 133.61 18.98 24.29 208.60 35.20 19.10 19.10
107 | 1 2 3 4 5 6 7 9 10 11 12 13 15 16 18 | 162.00 118.75 113.03 161.68 129.58 115.87 200.95 38.71 18.46 18.46 28.00 91.60 71.70 25.30 25.30
108 | 1 2 3 4 5 6 7 8 9 11 12 14 15 16 20 21 22 23 24 25 26 27 28 29 30 31 33 34 35 36 37 38 39 42 | 159.76 102.25 159.76 106.99 138.70 106.99 44.13 122.00 156.07 103.60 74.70 77.40 71.10 66.90 96.44 163.24 108.89 139.26 41.20 39.00 129.33 128.70 115.20 158.37 115.20 128.70 84.95 135.56 128.70 116.30 158.43 116.30 128.70 169.84
109 | 1 2 3 4 5 6 8 9 10 12 13 14 15 16 17 18 20 21 22 23 24 | 142.62 108.35 156.63 101.78 156.07 108.73 80.53 69.86 33.16 38.40 24.10 125.80 131.90 17.73 25.72 22.80 34.95 30.90 31.40 22.51 14.06
110 | 1 2 3 4 5 6 7 8 9 10 11 12 16 17 18 19 21 22 23 24 25 27 | 154.33 114.60 151.96 130.16 135.43 111.37 33.65 30.89 31.58 22.58 14.06 168.01 141.07 131.65 40.10 78.70 25.65 25.65 30.56 42.00 208.00 31.00
111 | 1 2 3 5 6 7 8 9 10 11 12 13 14 15 17 18 19 20 21 22 23 | 137.31 142.79 88.50 156.07 116.59 148.85 108.66 142.62 108.73 34.95 30.90 31.40 22.51 14.06 26.67 26.67 111.37 153.02 123.53 128.46 15.64
