
(rdkit3) C:\Users\jmn\Documents\GitHub\KnapsackSearch>"C:\Users\jmn\Documents\jdk1.8.0_202\bin\java.exe" -Xmx1g -classpath predictorc.jar;nmrshiftdb2/lib/cdk-interfaces.jar;nmrshiftdb2/lib/cdk-io.jar;nmrshiftdb2/lib/cdk-core.jar;nmrshiftdb2/lib/cdk-data.jar;nmrshiftdb2/lib/cdk-standard.jar;nmrshiftdb2/lib/cdk-sdg.jar;nmrshiftdb2/lib/cdk-valencycheck.jar;nmrshiftdb2/lib/vecmath1.2-1.14.jar;nmrshiftdb2/lib/jgrapht.jar;nmrshiftdb2/lib/antlr-2.7.2.jar;nmrshiftdb2/lib/cdk-atomtype.jar;nmrshiftdb2/lib/cdk-ioformats.jar;nmrshiftdb2/lib/cdk-legacy.jar;nmrshiftdb2/lib/guava-17.0.jar;nmrshiftdb2/lib/cdk-smiles.jar;nmrshiftdb2/lib/beam-core-0.9.2.jar;nmrshiftdb2/lib/beam-func-0.9.2.jar;. Demo "cannab_2D_tagged.sdf" "4" "3d" 
Duration: 7835
0 0 18.497894
0 1 36.510075
0 2 45.9875
0 3 45.977108
0 4 48.43292
0 5 35.152916
0 6 54.783
0 7 48.325
0 8 52.596096
0 9 174.27
0 12 44.27
0 13 76.54
0 14 38.73
0 15 26.935272
0 16 157.68
0 17 106.11
0 18 42.69
0 20 205.82222
0 22 26.137941
0 23 183.54755
1 0 152.85
1 2 152.936
1 3 118.5
1 4 152.95
1 7 39.0
1 8 121.0
1 9 139.5
1 10 67.3
1 12 13.6
1 14 139.4794
2 1 152.936
2 2 118.5
2 3 152.95
2 5 152.85
2 7 39.0
2 8 122.857445
2 9 135.64667
2 10 19.706667
2 11 24.16
2 13 139.4794
3 0 85.98
3 1 71.72
3 2 73.95
3 3 88.3
3 6 140.85385
3 8 122.2
3 9 149.7
3 11 152.1
3 13 154.5
3 15 39.0
3 16 121.0
3 17 139.5
3 18 13.6
3 19 67.3
3 23 61.69
4 0 85.3
4 1 71.72
4 2 73.95
4 3 88.3
4 6 140.85385
4 8 122.2
4 9 149.7
4 11 152.1
4 13 154.5
4 15 39.0
4 16 121.0
4 17 139.5
4 18 67.3
4 20 13.6
4 23 61.1
5 1 150.39017
5 2 122.2
5 3 152.95
5 5 170.43571
5 7 13.875
5 9 39.0
5 10 121.0
5 11 139.5
5 12 13.6
5 13 67.3
5 16 140.85385
5 18 88.38333
5 19 74.78
5 20 71.72
5 21 85.98
5 23 61.69
6 0 121.24286
6 1 114.41428
6 2 143.98572
6 3 146.62857
6 4 111.27143
6 5 131.95714
6 6 39.9
6 7 137.75
6 8 115.63333
6 10 55.974922
7 0 130.85
7 1 131.7
7 2 36.4
7 3 43.6
7 5 165.57779
7 7 131.83333
7 8 136.6665
7 9 124.9
7 10 117.2
7 11 145.5
7 12 149.1
7 13 117.3
7 14 131.5
7 15 44.827442
7 16 40.696064
7 17 170.9725
7 20 42.1
7 21 35.3
7 22 130.7
7 23 130.85
7 24 116.49
7 25 156.05571
7 26 116.49
7 27 130.85
7 29 137.62
7 30 121.73333
7 31 116.3
7 32 144.8
7 33 145.9
7 34 115.8
7 39 130.85
7 40 116.49
7 41 156.05571
7 42 116.49
8 0 130.85
8 1 131.7
8 2 36.4
8 3 43.6
8 5 165.57779
8 7 131.83333
8 8 136.6665
8 9 124.9
8 10 109.12435
8 11 147.68916
8 12 150.9
8 13 114.7325
8 14 131.5
8 15 44.827442
8 16 40.696064
8 17 170.9725
8 20 42.1
8 21 35.3
8 22 130.7
8 23 130.85
8 24 116.49
8 25 156.05571
8 26 116.49
8 27 130.85
8 29 134.3
8 30 121.73333
8 31 114.85
8 32 145.0
8 33 147.4
8 34 112.6
8 36 56.307144
8 40 56.099854
8 41 130.85
8 42 116.49
8 43 156.05571
8 44 116.49
9 0 130.48772
9 1 141.18666
9 2 118.86364
9 3 166.82857
9 6 42.0
9 7 35.6
9 8 130.9
9 9 130.85
9 10 116.49
9 11 156.05571
9 12 116.49
9 13 130.85
9 15 109.73353
9 16 144.73666
9 17 147.53615
9 18 124.07273
9 19 121.1
9 20 45.44119
9 21 170.9725
9 24 42.1
9 25 35.3
9 26 130.7
9 27 130.85
9 28 116.49
9 29 156.05571
9 30 116.49
9 31 130.85
9 33 87.65523
9 35 133.6
9 36 119.76
9 37 114.92077
9 38 146.27155
9 39 147.55539
9 40 109.88923
9 42 55.7
9 45 56.126667
10 0 130.48772
10 1 141.18666
10 2 118.86364
10 3 166.82857
10 6 42.0
10 7 35.6
10 8 130.9
10 9 130.85
10 10 116.49
10 11 156.05571
10 12 116.49
10 13 130.85
10 15 109.73353
10 16 144.73666
10 17 147.53615
10 18 124.07273
10 19 121.1
10 20 45.44119
10 21 170.9725
10 24 42.1
10 25 35.3
10 26 130.7
10 27 130.85
10 28 116.49
10 29 156.05571
10 30 116.49
10 31 130.85
10 33 88.93205
10 35 132.85454
10 36 119.76
10 37 119.0
10 38 149.2
10 39 148.9
10 40 115.81
10 44 56.126667
11 0 147.40909
11 1 144.64737
11 2 106.2
11 3 134.6
11 4 133.4044
11 5 110.62778
11 6 125.17614
11 7 127.164
11 8 130.15794
11 9 130.15794
11 10 138.33398
11 11 128.01012
11 12 116.75
11 13 146.05
11 14 146.6
11 15 115.1
11 18 165.20703
11 21 40.3
11 22 35.627274
11 23 131.06
11 24 130.85
11 25 116.49
11 26 156.05571
11 27 116.49
11 28 130.85
11 30 169.4
11 33 40.3
11 34 35.627274
11 35 131.06
11 36 130.85
11 37 116.49
11 38 156.05571
11 39 116.49
11 40 130.85
12 0 130.85
12 1 131.06
12 2 35.627274
12 3 40.967937
12 5 171.4875
12 7 78.65714
12 8 72.9
12 9 133.3
12 10 111.35714
12 11 147.48572
12 12 146.11429
12 13 114.97143
12 14 119.71429
12 17 56.37143
12 20 149.58571
12 21 151.4
12 22 111.8
12 23 130.1
12 24 140.2
12 25 118.957146
12 26 166.6
12 29 42.0
12 30 35.6
12 31 130.9
12 32 130.85
12 33 116.49
12 34 156.05571
12 35 116.49
12 36 130.85
12 38 122.2
12 39 118.2
12 41 56.1
12 42 130.85
12 43 116.49
12 44 156.05571
12 45 116.49
13 0 130.85
13 1 131.06
13 2 35.627274
13 3 40.967937
13 5 161.34727
13 7 146.4875
13 8 111.247215
13 9 126.1
13 10 109.38047
13 11 148.75731
13 12 149.04395
13 13 115.58861
13 14 125.05
13 17 55.7
13 19 148.99968
13 20 148.24287
13 21 110.11105
13 22 130.1
13 23 140.2
13 24 118.957146
13 25 166.6
13 28 42.0
13 29 35.6
13 30 130.9
13 31 130.85
13 32 116.49
13 33 156.05571
13 34 116.49
13 35 130.85
13 37 121.22645
13 38 110.95977
13 40 56.00375
13 41 130.85
13 42 116.49
13 43 156.05571
13 44 116.49
14 0 164.3
14 1 111.1
14 2 160.5
14 3 101.6
14 4 161.21428
14 5 94.3
14 7 80.2
14 8 43.6
14 9 196.7
14 11 130.4
14 12 129.0
14 13 116.3
14 14 158.42667
14 15 116.3
14 16 129.0
14 19 21.9
14 20 123.00714
14 21 132.33888
14 22 17.8
14 23 25.6
15 0 164.6
15 1 99.0
15 2 161.4
15 3 104.84615
15 4 158.83076
15 5 95.00769
15 7 162.7
15 8 104.1
15 9 182.60834
15 11 124.15
15 12 108.625
15 13 149.3
15 14 149.55
15 15 116.3
15 16 119.9
15 19 55.7
16 0 162.5
16 1 98.0
16 2 161.3
16 3 103.9
16 4 155.9
16 5 103.6
16 6 73.65
16 7 71.05
16 8 78.6
16 9 70.4
16 10 81.5
16 12 61.4
16 18 163.9
16 19 102.5
16 20 181.9
16 22 121.6
16 23 128.6
16 24 116.0
16 25 161.4
16 26 116.0
16 27 128.6
17 0 22.3
17 1 26.0
17 2 43.3
17 3 180.0
17 6 22.3
18 0 22.6
18 4 22.6
19 0 130.0
19 1 141.45
19 3 146.55
19 4 130.15794
19 5 127.862946
19 6 176.1
19 9 48.4
20 0 37.696266
20 1 59.821213
20 3 49.703358
20 4 25.6
20 5 48.0
20 7 49.35652
20 8 27.201
20 9 27.0
20 10 40.074326
20 12 172.31221
20 14 69.35
20 15 126.0
20 16 124.05
20 17 34.37244
20 18 65.9
20 19 73.9
20 21 32.01
20 22 26.75
20 23 32.0
20 24 23.05
20 25 14.85
21 0 142.625
21 1 108.66333
21 2 155.2
21 3 109.8
21 4 155.5
21 5 108.72857
21 7 78.9
21 8 128.1
21 9 118.4
21 10 26.7
21 11 42.1
21 12 23.6
21 13 124.470665
21 14 131.93866
21 15 17.75
21 16 25.766666
21 18 34.95
21 19 30.9
21 20 31.4
21 21 22.507778
21 22 14.059091
22 0 148.24287
22 1 152.1
22 2 96.91298
22 3 149.95
22 4 111.7
22 5 109.49333
22 6 143.3
22 7 113.566666
22 8 161.45
22 12 99.7
22 13 73.1
22 14 76.05
22 15 69.695
22 16 77.15
22 18 61.076668
22 24 56.00375
23 0 50.1
23 1 50.1
23 2 82.0
23 4 72.25
23 5 132.9
23 6 104.192856
23 7 150.38571
23 8 136.1
23 9 150.38571
23 10 104.192856
23 12 56.15
23 15 56.15
23 16 72.25
23 18 82.0
23 19 132.9
23 20 104.192856
23 21 150.38571
23 22 134.06
23 23 150.38571
23 24 104.192856
23 26 56.273335
23 29 56.273335
24 0 108.8
24 1 154.96666
24 2 108.725
24 3 139.97144
24 4 108.725
24 5 154.96666
24 7 35.311832
24 8 31.294
24 9 31.446
24 10 22.507778
24 11 14.059091
24 13 37.177418
24 14 123.1
24 15 134.75
24 16 30.308163
24 17 26.935272
24 18 38.020264
24 19 146.05789
24 20 112.51579
24 21 19.1
24 22 23.45
25 0 108.622856
25 1 154.96666
25 2 113.160866
25 3 135.42876
25 4 111.2
25 5 164.3
25 7 173.3
25 10 33.653847
25 11 30.88742
25 12 31.584545
25 13 22.57909
25 14 14.059091
25 16 37.177418
25 17 123.1
25 18 134.75
25 19 30.308163
25 20 26.935272
25 21 38.020264
25 22 146.05789
25 23 112.51579
25 24 19.1
25 25 23.45
26 0 109.2
26 1 154.7
26 2 107.7
26 3 142.8
26 4 110.1
26 5 154.2
26 7 34.95
26 8 30.9
26 9 31.4
26 10 22.507778
26 11 14.059091
26 13 77.4
26 14 45.9
26 15 33.7
26 16 123.9
26 17 134.3
26 18 25.1
26 19 31.2
26 20 23.4
26 21 23.45
26 22 23.45
27 0 176.91667
27 1 122.4
27 2 168.4098
27 3 108.85
27 4 193.76666
27 6 76.5
27 7 37.61919
27 8 115.98572
27 9 137.0
27 10 21.775
27 11 21.775
27 13 194.88481
27 15 46.89894
27 16 24.583529
27 17 22.441584
27 18 22.441584
27 20 29.332682
27 21 120.605125
27 22 133.61282
27 23 18.982052
27 24 24.294872
28 0 186.02
28 1 109.2421
28 2 164.7
28 3 110.6
28 4 199.88588
28 6 39.323273
28 7 40.82135
28 8 120.05958
28 9 134.13504
28 10 18.47907
28 11 25.344187
28 12 40.82135
28 13 120.05958
28 14 134.13504
28 15 18.47907
28 16 25.344187
28 17 20.6
28 18 122.4
28 19 131.2
28 20 19.26129
28 21 23.674194
28 23 194.88481
28 25 46.89894
28 26 24.583529
28 27 22.441584
28 28 22.441584
29 0 51.557453
29 1 48.758858
29 2 41.1175
29 3 210.17924
29 5 84.2226
29 6 176.91667
29 7 115.6
29 8 205.21906
29 10 194.88481
29 12 46.89894
29 13 24.583529
29 14 22.441584
29 15 22.441584
29 18 47.5
29 19 48.117653
29 20 39.6
29 21 147.25667
29 22 113.08518
29 23 23.742964
29 24 26.3
29 25 26.3
30 0 100.47143
30 1 157.5
30 2 108.1
30 3 145.6
30 4 108.1
30 5 157.5
30 7 37.162327
30 8 36.945
30 9 135.305
30 10 130.6
30 11 116.1
30 12 156.3
30 13 116.1
30 14 130.6
31 0 39.41
31 1 36.96
31 2 44.34
31 3 44.78
31 4 21.8
31 5 36.26
31 6 33.23
31 7 19.825
31 8 19.825
31 9 54.28
31 10 143.91
31 11 116.1
31 12 30.08
31 13 23.04
31 14 19.27
32 0 39.7
32 1 133.2
32 2 125.0
32 3 42.0
32 4 37.4
32 5 141.0
32 6 127.7
32 7 40.4
32 8 139.2
32 9 125.8
32 10 23.3
32 11 17.9
32 12 27.1
32 13 27.1
32 14 15.15
33 0 23.5
33 1 36.9
33 2 150.9
33 3 105.3
33 4 49.8
33 5 35.8
33 6 41.9
33 7 41.1
33 8 23.428572
33 9 42.13565
33 10 25.333334
33 11 151.345
33 12 110.25579
33 13 21.54
33 14 16.3
34 0 27.202858
34 1 78.84081
34 2 38.54643
34 3 55.048573
34 4 36.56
34 5 38.51643
34 6 47.285713
34 7 39.185715
34 8 32.685715
34 9 17.984
34 10 41.92
34 11 139.0
34 12 125.44
34 13 22.985714
34 14 53.1
34 15 48.4
34 16 23.9
34 17 28.2
34 18 36.8
34 19 30.7
34 20 38.9
34 21 39.2
34 22 16.9
34 23 20.885714
34 24 180.3
34 27 22.69
34 28 16.585714
34 29 15.242143
34 30 21.898788
34 31 21.898788
35 0 31.642105
35 1 71.50636
35 2 42.321053
35 3 140.8421
35 4 121.42857
35 5 31.982857
35 6 32.145714
35 7 50.37143
35 8 36.5
35 9 37.321053
35 10 18.194736
35 11 21.157143
35 12 39.914288
35 13 42.3
35 14 56.857143
35 15 24.3
35 16 28.3
35 17 56.1
35 18 36.3
35 19 34.0
35 20 26.4
35 21 46.05
35 22 28.95
35 23 19.2
35 24 19.2
35 25 23.0
35 26 12.3
35 27 18.8
35 28 15.171429
36 0 31.642105
36 1 71.50636
36 2 42.321053
36 3 140.8421
36 4 121.42857
36 5 31.982857
36 6 32.145714
36 7 50.37143
36 8 36.5
36 9 37.321053
36 10 18.194736
36 11 21.157143
36 12 38.073685
36 13 42.4735
36 14 56.857143
36 15 24.792307
36 16 26.255629
36 17 56.14143
36 18 40.615715
36 19 134.14929
36 20 135.44286
36 21 43.9636
36 22 31.8
36 23 20.6
36 24 20.6
36 25 25.479252
36 26 11.5152025
36 27 20.257143
36 28 16.592112
37 0 27.32
37 1 78.84081
37 2 38.878666
37 3 55.254665
37 4 36.88909
37 5 38.646667
37 6 50.5
37 7 41.0
37 8 34.4
37 9 18.06
37 10 42.7
37 11 37.55
37 12 25.2
37 13 20.9
37 14 48.9
37 15 48.2
37 16 29.6
37 17 27.17
37 18 34.4
37 19 30.1
37 20 48.05
37 21 150.85
37 22 109.9
37 23 19.2
37 24 60.05
37 26 14.8
37 27 16.129412
37 28 15.865334
37 29 21.898788
37 30 21.898788
38 0 163.772
38 1 107.87222
38 2 158.6
38 3 103.7
38 4 155.4
38 5 93.2
38 7 160.55
38 8 104.1
38 9 181.45
38 11 124.15
38 12 119.9
38 13 116.3
38 14 149.55
38 15 149.3
38 16 108.625
38 18 55.7
38 21 20.55
38 22 122.4
38 23 133.8
38 24 39.2
38 25 26.25
38 26 124.025
38 27 130.535
38 28 17.45
38 29 25.325
38 30 15.9
39 0 163.772
39 1 111.1
39 2 158.6
39 3 103.7
39 4 155.4
39 5 93.2
39 7 160.55
39 8 104.1
39 9 181.45
39 11 124.15
39 12 119.9
39 13 116.3
39 14 149.55
39 15 149.3
39 16 108.625
39 18 55.7
39 21 21.9
39 22 123.00714
39 23 132.33888
39 24 17.8
39 25 25.6
40 0 163.772
40 1 111.1
40 2 158.6
40 3 103.7
40 4 155.4
40 5 93.2
40 7 164.63846
40 8 104.5
40 9 181.7
40 11 121.2
40 12 126.6
40 13 115.9
40 14 161.4
40 15 115.9
40 16 126.6
40 19 21.9
40 20 123.00714
40 21 132.33888
40 22 17.8
40 23 25.6
41 0 163.1
41 1 99.6
41 2 161.05
41 3 105.181816
41 4 157.05455
41 5 95.1
41 7 162.7
41 8 104.1
41 9 182.60834
41 11 127.13333
41 12 119.9
41 13 115.7
41 14 149.9
41 15 145.9
41 16 114.0
41 21 102.4
41 22 78.6
41 23 78.34
41 24 69.695
41 25 78.39571
41 27 61.076668
42 0 164.6
42 1 99.0
42 2 161.4
42 3 103.6
42 4 158.66
42 5 94.2
42 7 162.9
42 8 104.1
42 9 182.49524
42 11 122.3
42 12 108.625
42 13 148.99968
42 14 136.6
42 15 146.36827
42 16 115.117645
42 20 103.6
42 21 74.7
42 22 77.4
42 23 71.1
42 24 66.9
43 0 164.18
43 1 98.94334
43 2 161.0
43 3 104.735
43 4 156.5
43 5 93.725
43 7 156.83
43 8 132.67
43 9 177.33
43 12 100.36667
43 13 78.81
43 14 78.286316
43 15 71.502266
43 16 77.7
43 18 62.6
43 23 100.79
43 25 68.48
43 26 71.98
43 27 70.73
43 28 70.73
43 32 18.17
43 33 121.105
43 34 130.935
43 35 115.18
43 36 160.12
43 37 115.18
43 38 130.935
44 0 164.18
44 1 98.94334
44 2 161.0
44 3 104.735
44 4 156.5
44 5 93.725
44 7 159.4
44 8 135.8
44 9 179.6
44 12 105.6
44 13 74.1
44 14 74.9
44 15 70.0
44 16 75.5
44 18 67.97324
44 20 101.15
44 21 75.7
44 22 74.51818
44 23 72.89404
44 24 70.01242
44 26 18.01198
44 30 101.8385
44 31 70.73
44 32 72.25455
44 33 71.98
44 34 68.48
44 36 18.17
44 43 121.105
44 44 130.935
44 45 115.18
44 46 160.12
44 47 115.18
44 48 130.935
45 0 164.18
45 1 98.94334
45 2 161.0
45 3 102.8
45 4 156.5
45 5 93.675
45 7 157.175
45 8 133.1
45 9 176.9
45 12 103.15
45 13 74.1
45 14 74.9
45 15 70.0
45 16 75.5
45 18 68.84
45 20 101.15
45 21 75.7
45 22 74.51818
45 23 72.89404
45 24 70.01242
45 26 18.01198
45 30 101.8385
45 31 70.73
45 32 70.73
45 33 71.98
45 34 68.48
45 36 18.17
45 43 121.333336
45 44 121.63333
45 45 115.5
45 46 148.78
45 47 145.16
45 48 115.6
46 0 164.18
46 1 98.94334
46 2 161.46333
46 3 103.675
46 4 156.375
46 5 93.675
46 7 156.55
46 8 134.9
46 9 177.33333
46 12 101.1
46 13 77.43
46 14 76.65
46 15 71.4
46 16 76.55
46 18 67.1
46 20 100.2875
46 21 70.365
46 22 70.695
46 23 71.85333
46 24 68.3225
46 26 17.845
46 33 100.79
46 35 68.48
46 36 71.98
46 37 70.73
46 38 70.73
46 42 18.52
46 43 121.333336
46 44 121.63333
46 45 115.5
46 46 148.78
46 47 145.16
46 48 115.6
47 0 164.18
47 1 99.1825
47 2 161.8475
47 3 105.33923
47 4 157.05
47 5 94.01875
47 7 144.97273
47 8 136.2
47 9 175.26364
47 12 123.69865
47 13 108.625
47 14 148.99968
47 15 136.6
47 16 146.36827
47 17 109.0
47 21 101.93954
47 22 73.94558
47 23 76.05
47 24 69.678665
47 25 77.15
47 27 60.811428
48 0 162.5
48 1 98.0
48 2 161.3
48 3 103.9
48 4 155.9
48 5 103.6
48 6 73.65
48 7 71.0
48 8 78.6
48 9 70.4
48 10 81.5
48 12 61.4
48 18 163.9
48 19 102.5
48 20 181.9
48 22 121.34286
48 23 128.54161
48 24 114.34
48 25 162.23334
48 26 114.34
48 27 128.54161
48 29 56.57
49 0 163.3
49 1 98.1
49 2 161.0
49 3 104.6
49 4 157.0
49 5 104.6
49 6 71.4
49 7 73.9
49 8 78.6
49 9 72.8
49 10 82.2
49 12 61.8
49 17 102.95986
49 18 75.44069
49 19 77.484474
49 20 69.9
49 21 77.709915
49 23 61.6
49 29 166.6
49 30 102.7
49 31 183.1
49 33 122.0
49 34 114.0
49 35 145.9
49 36 149.9
49 37 115.7
49 38 119.9
50 0 156.06686
50 1 96.44058
50 2 162.64285
50 3 106.5
50 4 156.8
50 5 109.6
50 6 72.0
50 7 74.5
50 8 80.3
50 9 72.5
50 10 82.5
50 12 62.9
50 18 166.6
50 19 102.7
50 20 183.1
50 22 122.0
50 23 114.0
50 24 145.9
50 25 149.9
50 26 115.7
50 27 119.9
50 32 102.41803
50 33 74.11803
50 34 75.86
50 35 69.678665
50 36 77.2
50 38 60.811428
51 0 156.06686
51 1 96.44058
51 2 162.64285
51 3 106.5
51 4 156.8
51 5 109.6
51 6 72.0
51 7 74.5
51 8 80.3
51 9 72.5
51 10 82.5
51 12 62.9
51 18 163.9
51 19 102.5
51 20 183.6
51 22 121.34286
51 23 128.54161
51 24 114.34
51 25 162.23334
51 26 114.34
51 27 128.54161
51 29 56.57
51 32 102.41803
51 33 74.11803
51 34 75.86
51 35 69.678665
51 36 77.2
51 38 61.076668
52 0 163.3
52 1 98.1
52 2 161.3
52 3 104.2
52 4 156.37143
52 5 104.6
52 6 71.4
52 7 73.9
52 8 77.957146
52 9 72.8
52 10 82.2
52 12 61.8
52 17 105.28
52 18 75.44069
52 19 78.4
52 20 72.44
52 21 78.354546
52 23 62.694443
52 29 163.9
52 30 102.5
52 31 181.9
52 33 121.6
52 34 128.6
52 35 116.0
52 36 161.4
52 37 116.0
52 38 128.6
53 0 164.3
53 1 93.11429
53 2 161.26256
53 3 107.26613
53 4 161.26256
53 5 93.11429
53 7 56.19282
53 8 193.88
53 10 127.025
53 11 144.0
53 12 127.6
53 13 130.5
53 14 116.0
53 15 159.61667
53 16 116.0
53 17 130.5
53 20 56.19282
54 0 166.0
54 1 93.7
54 2 168.3
54 3 106.4
54 4 162.5
54 5 91.1
54 7 55.4
54 8 193.2
54 10 129.0
54 11 143.16667
54 12 126.0
54 13 130.5
54 14 116.0
54 15 159.61667
54 16 116.0
54 17 130.5
54 21 56.4
55 0 128.58083
55 1 135.86667
55 2 128.58083
55 3 128.93834
55 4 128.45
55 5 128.93834
55 6 142.5
55 7 126.46
55 8 194.0
55 10 106.07183
55 11 163.07002
55 12 94.0
55 13 158.10681
55 14 113.76363
55 15 161.24286
55 17 21.445454
55 18 122.20909
55 19 130.5
55 20 17.8
55 21 25.6
55 23 55.995
56 0 130.5
56 1 126.0
56 2 130.5
56 3 116.0
56 4 159.61667
56 5 116.0
56 7 142.5
56 8 123.8
56 9 194.4
56 11 106.8
56 12 162.4
56 13 92.3
56 14 163.9
56 15 110.2
56 16 165.9
56 18 23.3
56 19 123.00714
56 20 132.33888
56 21 17.8
56 22 25.6
56 25 55.7
57 0 130.5
57 1 126.0
57 2 130.5
57 3 116.0
57 4 159.61667
57 5 116.0
57 7 142.5
57 8 123.8
57 9 193.63333
57 11 106.63333
57 12 164.7
57 13 100.12
57 14 158.10681
57 15 113.76363
57 16 161.24286
57 18 21.445454
57 19 122.20909
57 20 130.5
57 21 17.8
57 22 25.6
57 24 55.995
57 26 56.2
58 0 164.66335
58 1 100.90682
58 2 162.64546
58 3 108.50667
58 4 156.0
58 5 97.790306
58 7 81.80909
58 8 70.875
58 9 70.03333
58 12 129.44
58 13 114.93
58 14 146.105
58 15 146.625
58 16 116.06
58 17 119.28
59 0 84.0
59 1 71.0
59 2 74.2
59 3 89.2
59 6 149.7
59 8 152.1
59 10 154.5
59 11 122.2
59 13 140.85385
59 15 39.0
59 16 122.857445
59 17 135.64667
59 18 19.706667
59 19 24.16
59 22 64.7
60 0 156.52727
60 1 108.5
60 2 127.4
60 3 115.3
60 4 163.2
60 5 112.00175
60 6 23.2
60 7 122.44531
60 8 133.3
60 9 18.25847
60 10 25.68247
60 12 80.8
60 13 44.8
60 14 194.1
60 16 131.5
60 17 128.9
60 18 116.24286
60 19 157.66591
60 20 116.24286
60 21 128.9
61 0 163.6
61 1 96.8
61 2 162.3
61 3 103.2
61 4 159.9
61 5 106.1
61 6 21.8
61 7 121.7
61 8 133.3
61 9 18.25847
61 10 25.68247
61 12 79.8
61 13 43.0
61 14 197.0
61 16 130.4
61 17 128.9
61 18 116.24286
61 19 157.66591
61 20 116.24286
61 21 128.9
62 0 158.1
62 1 91.875
62 2 161.26256
62 3 107.26613
62 4 159.505
62 5 106.1
62 6 21.8
62 7 121.7
62 8 133.3
62 9 18.25847
62 10 25.68247
62 12 79.8
62 13 43.15
62 14 197.05457
62 16 130.4
62 17 128.9
62 18 116.24286
62 19 157.66591
62 20 116.24286
62 21 128.9
62 24 56.19282
63 0 36.2
63 1 24.6
63 2 86.96957
63 4 85.3
63 5 142.1
63 6 111.1
63 7 26.6
63 8 70.8
63 9 25.45
63 11 25.45
64 0 34.578712
64 1 34.578712
64 2 92.166664
64 3 33.359676
64 4 33.359676
64 5 79.98572
64 6 25.233334
64 8 36.95
64 9 17.0
64 10 17.0
65 0 120.9
65 1 140.46765
65 2 37.17
65 3 75.7
65 4 32.69516
65 5 23.734795
65 6 143.3
65 7 109.6
65 8 18.7
65 10 23.62982
66 0 145.17575
66 1 120.2
66 2 25.704546
66 3 23.0
66 4 41.6377
66 5 39.810806
66 6 38.136745
66 7 128.6581
66 8 123.1
66 9 21.832375
66 10 20.890062
66 11 29.6
66 12 29.075
66 13 21.653475
66 14 20.085
67 0 41.9
67 1 32.5
67 2 49.55035
67 3 147.76163
67 4 107.33094
67 5 37.0
67 6 23.5
67 7 27.9
67 8 128.6581
67 9 123.1
67 10 20.890062
67 11 21.832375
67 12 28.7
67 13 41.4
67 14 22.35
68 0 99.02381
68 1 160.83609
68 2 107.87222
68 3 161.24286
68 4 106.07183
68 5 163.07002
68 7 194.0
68 9 126.46
68 10 143.16667
68 11 126.0
68 12 130.5
68 13 116.0
68 14 159.61667
68 15 116.0
68 16 130.5
68 19 20.55
68 20 122.4
68 21 133.8
68 22 39.2
68 23 26.25
68 24 124.025
68 25 130.535
68 26 17.45
68 27 25.325
68 28 15.9
69 0 91.1
69 1 163.3
69 2 105.2
69 3 165.2
69 4 104.5
69 5 160.6
69 7 55.7
69 8 191.7
69 10 123.8
69 11 142.5
69 12 126.0
69 13 130.5
69 14 116.0
69 15 159.61667
69 16 116.0
69 17 130.5
69 20 28.8
69 21 73.7
69 23 148.0
69 24 109.8
69 25 17.3
70 0 111.25
70 1 155.12195
70 2 108.2
70 3 162.9
70 4 106.07183
70 5 159.75714
70 7 61.414288
70 8 194.0
70 10 126.46
70 11 143.16667
70 12 126.0
70 13 130.5
70 14 116.0
70 15 159.61667
70 16 116.0
70 17 130.5
70 20 21.2
70 21 123.1
70 22 131.81429
70 23 17.8
70 24 25.6
70 26 22.1
70 27 121.0
70 28 134.0
70 29 17.8
70 30 25.6
71 0 162.9
71 1 111.843864
71 2 151.2
71 3 106.82804
71 4 152.51988
71 5 106.07183
71 6 194.0
71 8 126.46
71 9 143.16667
71 10 126.0
71 11 130.5
71 12 116.0
71 13 159.61667
71 14 116.0
71 15 130.5
71 18 77.833336
71 19 128.79231
71 20 116.20091
71 21 28.0
71 22 28.0
71 24 24.766666
71 25 122.52378
71 26 132.67485
71 27 18.25847
71 28 25.68247
72 0 94.0
72 1 158.10681
72 2 113.76363
72 3 161.24286
72 4 106.07183
72 5 163.07002
72 7 194.0
72 9 126.46
72 10 143.16667
72 11 126.0
72 12 130.5
72 13 116.0
72 14 159.61667
72 15 116.0
72 16 130.5
72 19 21.445454
72 20 122.20909
72 21 130.5
72 22 17.8
72 23 25.6
72 25 55.995
73 0 159.61667
73 1 116.0
73 2 130.5
73 3 126.0
73 4 130.5
73 5 116.0
73 6 142.5
73 7 125.825
73 8 193.475
73 10 106.7
73 11 158.04333
73 12 104.9925
73 13 159.5775
73 14 96.17714
73 15 164.7
73 17 56.2
73 19 77.9825
73 20 127.6975
73 21 115.7975
73 22 28.27628
73 23 28.27628
74 0 159.61667
74 1 116.0
74 2 130.5
74 3 126.0
74 4 130.5
74 5 116.0
74 6 142.5
74 7 123.8
74 8 193.63333
74 10 106.63333
74 11 161.24286
74 12 101.8
74 13 160.1
74 14 93.74298
74 15 164.7
74 17 56.2
74 19 74.34737
74 20 31.433332
74 21 16.233334
74 22 26.457895
74 23 26.457895
75 0 159.61667
75 1 116.0
75 2 130.5
75 3 126.0
75 4 130.5
75 5 116.0
75 6 142.5
75 7 123.8
75 8 193.63333
75 10 106.63333
75 11 161.24286
75 12 102.9
75 13 160.1
75 14 93.74298
75 15 164.7
75 17 56.2
75 19 77.1
75 20 70.1
75 21 33.157776
75 23 23.1
75 24 23.1
76 0 163.9
76 1 91.875
76 2 161.1
76 3 104.3
76 4 161.24286
76 5 111.1
76 6 21.9
76 7 123.00714
76 8 132.33888
76 9 17.8
76 10 25.6
76 12 203.7
76 14 45.0
76 15 30.457144
76 16 132.5
76 17 130.3
76 18 116.0
76 19 156.3
76 20 116.0
76 21 130.3
76 24 55.6
77 0 124.1836
77 1 135.42876
77 2 125.42927
77 3 110.3
77 4 148.42976
77 5 147.07632
77 8 56.103405
77 9 33.285713
77 10 38.197674
77 11 144.8
77 12 106.75
77 13 161.55
77 14 99.37
77 15 158.05
77 16 108.25
77 19 55.36
77 20 26.233334
77 21 123.53509
77 22 131.78474
77 23 17.8
77 24 25.5
78 0 116.1
78 1 156.3
78 2 116.1
78 3 130.6
78 4 135.305
78 5 130.6
78 6 38.83
78 7 39.3
78 8 145.1
78 9 106.5
78 10 161.55
78 11 99.37
78 12 158.05
78 13 109.0
78 16 55.36
79 0 125.42927
79 1 113.2
79 2 155.24525
79 3 111.3
79 4 124.34545
79 5 136.2
79 6 29.2
79 7 27.68261
79 8 139.42857
79 9 114.4
79 10 164.11858
79 11 100.69067
79 12 162.94286
79 13 112.36108
79 15 55.585712
80 0 125.42927
80 1 110.3
80 2 149.35
80 3 143.95
80 4 119.45
80 5 135.42876
80 6 27.68261
80 7 27.68261
80 8 139.42857
80 9 120.89148
80 10 164.11858
80 11 100.69067
80 12 162.94286
80 13 112.36108
80 15 55.585712
80 19 55.85
81 0 36.775
81 1 33.3
81 2 31.464912
81 3 68.93
81 4 28.445715
81 5 33.3
81 7 139.2
81 8 145.14223
81 9 29.7
81 10 35.739555
81 11 112.36108
81 12 162.94286
81 13 100.69067
81 14 158.95126
81 17 55.585712
82 0 36.775
82 1 33.3
82 2 28.445715
82 3 68.93
82 4 31.464912
82 5 33.3
82 7 139.2
82 8 145.14223
82 9 29.7
82 10 35.739555
82 11 112.36108
82 12 162.94286
82 13 100.69067
82 14 158.95126
82 17 55.585712
83 0 158.95126
83 1 100.69067
83 2 162.94286
83 3 112.36108
83 4 145.14223
83 5 133.06667
83 6 50.5
83 7 152.75
83 8 127.2
83 9 185.5
83 11 127.2
83 12 152.75
83 13 33.747665
83 14 29.7
83 16 55.585712
84 0 41.366665
84 1 31.5
84 2 35.2
84 3 198.7
84 5 126.0
84 6 144.02661
84 7 139.2
84 8 145.14223
84 9 29.7
84 10 35.739555
84 11 112.55973
84 12 162.26666
84 13 97.790306
84 14 156.06686
84 16 55.92287
85 0 158.95126
85 1 100.69067
85 2 162.94286
85 3 112.36108
85 4 145.14223
85 5 133.06667
85 6 43.5
85 7 36.114315
85 8 38.11
85 9 209.21143
85 11 38.11
85 12 36.114315
85 13 33.747665
85 14 29.7
85 16 55.585712
86 0 156.06686
86 1 97.790306
86 2 162.26666
86 3 112.55973
86 4 145.14223
86 5 133.06667
86 6 43.5
86 7 36.114315
86 8 38.11
86 9 209.21143
86 11 38.11
86 12 36.114315
86 13 33.747665
86 14 29.7
86 17 55.92287
87 0 13.97
87 1 22.15
87 2 32.043335
87 3 28.72
87 4 29.04
87 5 29.46812
87 6 29.4
87 7 29.416666
87 8 25.928572
87 9 32.825
87 10 62.68158
88 0 36.228573
88 1 135.9
88 2 123.7
88 3 39.8
88 4 38.020264
88 5 27.171429
88 6 135.961
88 7 121.2
88 8 23.8
88 9 41.5
88 10 28.5
88 11 21.85
88 12 21.85
88 13 21.896
88 14 23.7
89 0 126.67448
89 1 144.2
89 2 133.7469
89 3 141.36842
89 4 29.76
89 5 27.485031
89 6 21.206522
89 7 125.2
89 8 127.6
89 9 135.534
89 10 128.45787
89 11 20.882006
89 12 29.9
89 13 21.6
89 14 21.6
90 0 121.52857
90 1 127.1
90 2 134.69524
90 3 139.26564
90 4 130.15794
90 5 140.3844
90 6 29.537289
90 7 23.556337
90 8 23.556337
90 9 136.6665
90 10 140.46765
90 11 29.753206
90 12 27.139038
90 13 23.62982
90 14 18.411112
91 0 28.141241
91 1 31.828571
91 2 55.73
91 3 50.299267
91 4 39.7
91 5 16.0
91 6 22.3
91 7 28.7
91 8 28.0
91 9 30.675
91 10 147.08182
91 11 114.1
91 12 18.4
91 13 22.35
91 14 22.35
92 0 26.8
92 1 76.3
92 2 41.5
92 3 52.7
92 4 37.1
92 5 38.2
92 6 135.0
92 7 133.4
92 8 26.3
92 9 20.5
92 10 40.0
92 11 37.1
92 12 30.8
92 13 21.1
92 14 49.630524
92 15 30.0
92 16 37.31095
92 17 25.1
92 18 35.85
92 19 30.34909
92 20 42.486
92 21 35.892
92 22 182.22934
92 25 27.126667
92 26 32.1
92 27 18.881819
92 28 21.7
92 29 19.0
92 30 25.3
92 31 25.3
93 0 29.835
93 1 209.43
93 3 43.75
93 4 23.75
93 5 29.257143
93 6 23.78
93 7 29.541666
93 8 29.04
93 9 28.72
93 10 32.043335
93 11 22.15
93 12 13.97
94 0 33.036366
94 1 198.08182
94 3 123.96364
94 4 169.94545
94 5 38.554546
94 6 35.654545
94 7 54.363636
94 8 44.033333
94 9 30.8
94 10 32.4
94 11 57.39689
94 12 42.4735
94 13 38.073685
94 14 21.157143
94 15 56.14143
94 16 26.255629
94 17 24.792307
94 18 40.615715
94 19 134.14929
94 20 135.44286
94 21 43.9636
94 22 25.479252
94 23 11.5152025
94 24 31.8
94 25 20.6
94 26 20.6
94 27 20.257143
94 28 16.592112
94 29 17.054546
95 0 122.4
95 1 176.91667
95 2 76.5
95 3 193.76666
95 5 113.4
95 6 168.4098
95 8 201.56485
95 10 43.54987
95 11 25.3
95 12 11.1
95 13 14.566667
95 14 37.61919
95 15 115.98572
95 16 137.0
95 17 21.775
95 18 21.775
95 21 29.332682
95 22 120.605125
95 23 133.61282
95 24 18.982052
95 25 24.294872
96 0 186.02
96 1 122.4
96 2 168.4098
96 3 108.85
96 4 199.88588
96 6 39.323273
96 7 40.82135
96 8 120.05958
96 9 134.13504
96 10 18.47907
96 11 25.344187
96 12 40.82135
96 13 120.05958
96 14 134.13504
96 15 18.47907
96 16 25.344187
96 17 201.56485
96 19 44.3
96 20 25.3
96 21 11.1
96 22 14.566667
96 24 29.332682
96 25 120.605125
96 26 133.61282
96 27 18.982052
96 28 24.294872
97 0 122.4
97 1 176.91667
97 2 76.5
97 3 193.76666
97 5 113.4
97 6 168.4098
97 8 208.6
97 10 35.2
97 11 19.1
97 12 19.1
97 13 37.61919
97 14 115.98572
97 15 137.0
97 16 21.775
97 17 21.775
97 20 29.332682
97 21 120.605125
97 22 133.61282
97 23 18.982052
97 24 24.294872
98 0 99.02381
98 1 160.83609
98 2 111.1
98 3 161.24286
98 4 106.07183
98 5 163.07002
98 7 194.0
98 9 126.46
98 10 143.16667
98 11 126.0
98 12 130.5
98 13 116.0
98 14 159.61667
98 15 116.0
98 16 130.5
98 19 21.9
98 20 123.00714
98 21 132.33888
98 22 17.8
98 23 25.6
99 0 48.9
99 1 48.2
99 2 29.6
99 3 27.17
99 4 42.7
99 5 37.55
99 6 25.2
99 7 20.9
99 8 51.433334
99 9 41.0
99 10 30.766666
99 11 17.55
99 12 51.6
99 13 37.15
99 14 38.35
99 15 25.05
99 16 80.3
99 17 38.45
99 18 22.275
99 19 22.275
99 21 167.5
99 23 115.0
99 24 145.6
99 25 127.53333
99 26 123.81575
99 27 115.44825
99 28 149.23985
99 29 148.87325
99 30 111.81225
99 32 55.7
99 34 16.35
99 35 16.129412
99 36 14.8
99 37 34.4
99 38 30.1
99 39 48.05
99 40 150.85
99 41 109.9
99 42 19.2
99 43 60.05
100 0 43.75
100 1 23.75
100 2 29.257143
100 3 23.78
100 4 29.541666
100 5 29.621952
100 6 29.42
100 7 29.075
100 8 29.04
100 9 28.72
100 10 32.043335
100 11 22.15
100 12 13.97
100 13 209.43
100 15 29.835
101 0 156.62857
101 1 110.655556
101 2 160.43
101 3 111.2
101 4 135.42876
101 5 113.160866
101 6 33.653847
101 7 30.88742
101 8 31.584545
101 9 22.57909
101 10 14.059091
101 11 173.3
101 15 21.193333
101 16 121.8
101 17 133.8
101 18 39.2
101 19 26.25
101 20 124.025
101 21 130.535
101 22 17.45
101 23 25.325
101 24 15.9
102 0 168.4098
102 1 108.85
102 2 200.44409
102 4 40.514294
102 5 174.39796
102 6 122.4
102 7 29.332682
102 8 120.605125
102 9 133.61282
102 10 18.982052
102 11 24.294872
102 13 77.662186
102 14 131.8
102 15 144.02661
102 16 27.873095
102 17 27.873095
102 18 36.028927
102 19 118.73333
102 20 135.2889
102 21 20.116522
102 22 24.985218
102 23 194.88481
102 25 46.89894
102 26 24.583529
102 27 22.441584
102 28 22.441584
103 0 39.323273
103 1 186.02
103 2 109.2421
103 3 154.13
103 4 113.49152
103 5 199.88588
103 7 26.2
103 8 92.314285
103 10 71.87143
103 11 25.078571
103 13 25.078571
103 14 194.88481
103 16 46.89894
103 17 24.583529
103 18 22.441584
103 19 22.441584
103 21 40.82135
103 22 120.05958
103 23 134.13504
103 24 18.47907
103 25 25.344187
103 26 40.82135
103 27 120.05958
103 28 134.13504
103 29 18.47907
103 30 25.344187
104 0 108.85
104 1 168.4098
104 2 122.4
104 3 176.11429
104 4 59.2
104 5 200.44409
104 7 28.9
104 8 86.96957
104 10 69.2
104 11 25.6
104 13 25.6
104 14 36.028927
104 15 120.9
104 16 135.2889
104 17 20.116522
104 18 24.985218
104 19 29.332682
104 20 120.605125
104 21 133.61282
104 22 18.982052
104 23 24.294872
104 25 194.88481
104 27 46.89894
104 28 24.583529
104 29 22.441584
104 30 22.441584
105 0 108.85
105 1 168.4098
105 2 122.4
105 3 176.11429
105 4 60.0
105 5 200.44409
105 7 26.3
105 8 86.96957
105 10 70.8
105 11 25.45
105 13 25.45
105 14 36.028927
105 15 120.9
105 16 135.2889
105 17 20.116522
105 18 24.985218
105 19 29.332682
105 20 120.605125
105 21 133.61282
105 22 18.982052
105 23 24.294872
105 25 208.6
105 27 35.2
105 28 19.1
105 29 19.1
106 0 162.00208
106 1 118.751625
106 2 113.02698
106 3 161.6782
106 4 129.58017
106 5 115.87384
106 6 200.95358
106 8 38.706295
106 9 18.460741
106 10 18.460741
106 11 28.0
106 12 91.6
106 14 71.7
106 15 25.3
106 17 25.3
107 0 159.76471
107 1 102.247055
107 2 159.76471
107 3 106.988235
107 4 138.7
107 5 106.988235
107 6 44.12927
107 7 122.0
107 8 156.06686
107 10 103.6
107 11 74.7
107 13 77.4
107 14 71.1
107 15 66.9
107 19 96.44058
107 20 163.23692
107 21 108.890976
107 22 139.25926
107 23 41.2
107 24 39.0
107 25 129.32857
107 26 128.7
107 27 115.2
107 28 158.36667
107 29 115.2
107 30 128.7
107 32 84.95122
107 33 135.55714
107 34 128.7
107 35 116.3
107 36 158.42667
107 37 116.3
107 38 128.7
107 41 169.845
108 0 142.625
108 1 108.35
108 2 156.62857
108 3 101.775
108 4 156.06686
108 5 108.72857
108 7 80.53171
108 8 69.85714
108 9 33.157776
108 11 38.4
108 12 24.1
108 13 125.8
108 14 131.9
108 15 17.725714
108 16 25.721428
108 17 22.8
108 19 34.95
108 20 30.9
108 21 31.4
108 22 22.507778
108 23 14.059091
109 0 154.33134
109 1 114.6
109 2 151.96088
109 3 130.15794
109 4 135.42876
109 5 111.36888
109 6 33.653847
109 7 30.88742
109 8 31.584545
109 9 22.57909
109 10 14.059091
109 11 168.00557
109 15 141.07054
109 16 131.65045
109 17 40.1
109 18 78.7
109 20 25.653334
109 21 25.653334
109 22 30.556932
109 23 42.0
109 24 208.0
109 26 31.0
110 0 137.31017
110 1 142.78627
110 2 88.5
110 4 156.06686
110 5 116.59
110 6 148.85454
110 7 108.66333
110 8 142.625
110 9 108.72857
110 10 34.95
110 11 30.9
110 12 31.4
110 13 22.507778
110 14 14.059091
110 16 26.666666
110 17 26.666666
110 18 111.36888
110 19 153.01756
110 20 123.527275
110 21 128.45787
110 22 15.636364
