1 | 1 2 3 4 5 6 7 8 10 11 14 15 16 19 | 118.55 120.24 111.30 136.05 127.13 118.62 108.81 123.60 33.23 173.90 48.85 35.81 175.90 171.40
2 | 1 2 3 4 5 6 8 9 10 11 13 15 16 19 | 120.24 120.42 118.83 128.15 136.65 111.22 124.40 110.85 28.00 57.30 172.31 43.85 176.20 177.54
3 | 1 2 3 4 5 6 7 8 9 | 121.00 116.28 149.00 145.74 114.30 125.90 144.60 115.00 168.25
4 | 1 2 3 4 5 6 9 10 11 14 15 16 17 18 19 | 152.70 103.29 157.90 105.40 144.30 126.70 146.60 136.60 176.70 123.40 130.40 116.30 160.12 116.30 130.40
5 | 1 2 3 4 6 7 10 | 71.02 72.84 67.50 99.22 75.66 60.80 65.00
6 | 1 2 3 4 6 7 10 | 71.09 76.50 67.50 98.20 75.66 61.57 65.58
7 | 1 3 4 5 | 166.60 132.60 132.60 166.60
8 | 1 2 3 4 5 6 7 8 9 10 12 13 14 15 16 17 18 19 20 21 22 23 24 25 26 27 28 29 30 | 13.97 22.15 32.04 28.72 29.58 29.42 30.72 26.80 38.43 72.43 38.43 26.80 30.72 29.42 29.24 29.42 29.50 29.50 29.50 29.50 29.50 29.50 29.42 29.07 29.04 28.72 32.04 22.15 13.97
9 | 1 2 3 5 6 8 11 | 147.32 107.85 179.90 107.85 147.32 161.11 161.11
10 | 1 2 3 4 5 6 8 9 | 144.23 116.08 124.90 133.32 115.88 145.34 39.50 43.37
11 | 2 3 4 5 | 41.95 30.86 30.86 41.95
12 | 1 2 3 4 5 6 8 9 | 115.06 129.38 130.04 129.38 115.06 156.06 38.80 43.09
13 | 1 2 3 4 5 6 7 8 10 11 12 13 14 17 18 19 20 22 24 26 28 | 148.20 147.20 110.70 129.50 123.40 111.30 26.50 50.40 66.70 84.90 140.80 110.30 167.20 144.50 149.10 113.10 115.50 103.30 45.00 55.60 55.95
14 | 1 2 3 4 5 6 7 8 10 11 12 13 14 16 17 18 19 21 23 24 26 | 147.64 150.00 109.55 130.90 134.20 110.48 31.90 57.10 49.50 128.40 128.90 45.70 193.00 127.10 110.30 147.10 151.10 60.30 55.70 40.70 101.18
15 | 1 2 3 4 5 6 7 8 10 11 13 14 15 16 17 18 19 21 23 25 26 28 30 | 148.30 149.70 105.95 142.87 127.80 113.00 33.77 56.65 66.45 81.23 95.63 114.90 131.55 125.70 110.96 150.63 145.22 61.00 56.02 55.50 42.64 56.15 55.95
16 | 1 2 3 4 5 6 9 10 11 12 13 14 15 17 18 19 20 21 23 | 142.79 131.87 112.60 147.69 150.90 114.73 56.10 64.80 44.30 138.51 137.15 45.45 53.19 42.64 111.41 146.51 147.64 110.48 100.20
17 | 1 2 3 4 5 6 8 10 11 12 13 15 16 18 19 20 22 23 24 | 129.20 130.70 105.00 146.60 146.70 107.30 101.00 41.40 161.40 118.70 181.30 151.10 122.10 54.90 60.50 32.70 45.40 40.80 42.20
18 | 1 2 3 4 5 6 7 8 10 12 13 14 15 16 17 18 19 20 21 23 26 28 | 150.63 145.22 116.20 137.31 127.97 110.96 124.50 139.00 88.79 52.50 39.30 126.60 129.70 123.90 120.20 103.70 147.25 147.30 100.20 101.05 61.00 56.02
19 | 1 2 3 4 5 6 8 10 11 12 13 14 15 16 18 19 20 21 22 24 26 | 129.80 134.50 109.40 147.80 147.15 109.91 55.78 55.95 36.10 67.38 129.80 134.50 36.10 58.78 39.50 109.40 147.80 147.15 109.91 55.78 55.95
20 | 1 2 3 4 5 6 8 10 11 12 14 15 16 17 18 19 20 21 23 | 128.54 125.20 112.24 147.21 146.69 111.12 55.78 55.95 25.52 47.80 64.90 40.40 131.44 130.47 114.91 156.65 114.91 130.47 42.39
21 | 1 2 3 4 5 6 7 8 10 11 12 13 14 15 16 17 18 20 22 24 | 149.30 147.20 104.90 120.90 130.20 107.90 25.80 54.70 137.00 119.70 132.50 120.00 145.00 143.10 149.90 126.20 123.00 56.50 61.40 101.60
22 | 1 2 3 4 5 6 8 10 13 14 16 17 18 19 20 21 22 23 25 27 | 140.80 110.30 144.50 149.10 113.10 115.50 103.30 167.20 84.90 66.20 50.40 29.20 125.30 130.00 107.40 145.80 145.80 108.20 100.80 45.00
23 | 1 2 3 5 6 7 8 9 10 11 12 13 14 16 18 19 20 21 22 24 26 | 119.30 117.16 144.26 137.77 127.52 124.47 125.38 133.40 127.52 104.86 148.70 148.73 106.04 101.57 45.30 142.70 147.69 100.10 154.33 56.07 101.10
24 | 1 2 3 4 5 6 8 9 10 12 13 14 15 16 17 18 19 21 23 | 143.95 120.89 125.36 127.53 110.70 146.53 56.29 29.12 53.02 62.33 34.60 129.35 124.35 108.60 145.90 146.17 110.48 55.99 43.75
25 | 1 2 3 4 5 6 8 10 11 13 14 15 16 17 18 19 20 22 24 | 141.70 125.70 120.10 127.53 106.10 146.60 100.20 29.12 53.02 62.90 35.90 130.00 119.45 143.95 149.35 111.00 119.00 55.85 43.75
26 | 1 2 3 4 5 6 7 8 10 11 12 13 14 15 16 17 18 20 22 24 | 145.80 145.40 112.60 129.50 127.30 108.20 28.72 51.30 59.10 36.10 128.50 127.60 53.80 144.90 150.10 110.80 123.70 55.70 60.00 100.80
27 | 1 2 3 4 5 7 8 9 10 11 12 13 15 16 18 19 20 21 23 24 25 26 27 29 30 31 32 33 34 36 38 39 40 41 42 44 | 131.89 145.16 111.50 117.28 143.18 143.18 150.63 111.24 125.43 135.43 30.03 49.48 70.81 198.07 42.05 42.90 43.00 79.90 146.90 130.95 126.25 21.67 61.09 46.25 35.70 42.74 119.30 112.85 144.00 55.90 56.02 135.91 148.41 110.96 128.44 56.34
28 | 1 3 4 5 6 7 8 9 10 12 14 16 17 18 19 20 21 22 23 25 27 | 58.78 51.30 28.30 129.13 121.05 147.08 135.77 151.84 110.48 56.30 60.52 53.80 127.60 128.50 36.10 123.70 110.80 150.10 144.90 60.00 55.70
29 | 1 2 3 4 5 6 8 10 13 14 16 17 18 19 20 21 22 23 25 27 | 140.80 110.30 144.50 149.10 113.10 115.50 103.30 167.20 84.90 66.20 50.40 29.20 125.30 130.00 107.40 145.80 145.80 108.20 100.80 45.00
30 | 1 3 4 5 6 7 8 9 10 12 14 15 16 17 18 19 20 21 23 25 | 58.78 51.30 28.30 126.30 121.05 147.08 148.43 110.30 124.30 56.10 56.84 125.90 132.40 36.10 110.48 148.97 146.80 109.00 55.47 55.95
31 | 1 2 3 4 5 6 7 8 9 10 11 12 13 14 17 18 20 22 | 142.00 146.20 130.90 127.00 119.30 112.80 20.40 58.40 40.70 43.00 91.30 66.40 133.30 128.30 35.80 46.25 42.85 56.20
32 | 1 3 4 5 6 7 8 9 10 12 14 15 17 18 19 21 22 23 24 26 | 68.15 48.10 29.10 128.38 138.43 112.50 145.90 146.17 110.48 55.99 40.95 199.79 136.49 126.72 70.10 147.18 147.38 107.70 127.28 101.57
33 | 1 2 3 4 5 6 7 8 10 11 12 13 15 16 17 18 20 22 | 118.50 144.25 143.18 129.11 126.30 125.43 26.00 47.50 56.70 36.50 118.30 148.40 96.91 148.29 144.80 114.49 101.30 42.40
34 | 1 2 3 4 5 6 7 8 10 11 12 13 15 16 17 18 20 22 23 | 118.50 144.25 143.18 129.11 126.30 125.43 26.00 47.50 56.70 36.50 118.30 148.40 105.10 147.30 144.80 113.60 56.99 56.20 42.40
35 | 1 2 3 4 5 6 7 8 10 11 12 13 15 16 17 18 20 22 24 | 110.40 148.90 144.80 125.15 126.30 124.30 27.94 41.11 55.94 35.36 123.90 148.40 105.10 147.30 144.80 113.60 56.99 56.20 55.00
36 | 1 2 3 4 5 6 7 8 10 11 12 13 15 16 17 18 20 22 23 25 | 110.40 148.90 144.80 132.50 126.30 124.30 26.00 47.50 56.70 36.50 118.30 148.40 105.10 147.30 144.80 113.60 56.99 56.20 42.40 55.00
37 | 1 2 3 4 5 6 7 8 10 11 12 13 14 15 16 17 18 19 21 24 | 127.97 110.96 145.40 142.80 123.14 137.31 124.50 142.80 52.89 40.80 126.60 125.90 123.90 120.20 104.40 147.25 148.20 100.80 101.05 101.10
38 | 1 2 3 4 5 6 7 8 10 11 12 13 14 15 16 17 18 19 21 25 | 124.47 117.40 149.00 138.88 117.16 129.17 127.52 137.77 144.26 45.30 127.52 133.40 125.38 124.47 106.04 148.73 148.70 104.86 101.57 56.13
39 | 1 3 4 5 6 7 8 9 10 12 14 15 16 17 18 19 20 21 22 23 25 | 68.40 48.10 29.10 128.38 138.43 110.12 147.80 148.37 110.47 55.95 56.37 40.95 70.10 126.72 145.14 39.41 125.43 110.96 147.38 147.18 101.57
40 | 1 2 3 4 5 6 8 9 10 12 13 14 15 16 17 18 19 21 23 24 26 | 144.00 126.40 126.20 127.00 110.60 151.40 55.67 28.95 53.02 62.10 34.30 128.30 124.35 111.20 147.60 148.20 110.50 55.95 56.05 43.75 59.75
41 | 1 3 4 5 6 7 8 9 10 12 14 15 16 17 18 20 21 22 | 65.20 54.60 26.80 124.70 122.00 134.80 141.50 147.60 110.70 56.40 50.50 46.70 152.75 127.20 185.50 127.20 152.75 43.30
42 | 1 2 3 4 5 6 8 10 11 14 15 17 18 19 20 21 22 23 24 26 28 | 141.10 119.30 147.60 152.30 118.40 118.10 56.79 62.20 168.00 81.80 66.20 50.40 29.20 125.30 130.00 107.40 145.80 145.80 108.20 100.80 45.00
43 | 1 2 3 4 5 6 8 9 10 12 13 14 15 16 17 18 19 22 23 | 143.95 120.89 125.36 127.53 110.70 146.53 56.29 29.12 53.02 62.33 34.60 129.36 124.35 112.80 148.00 147.40 115.80 56.60 43.75
44 | 1 2 3 4 5 6 8 9 10 12 13 14 15 16 17 18 19 21 23 25 | 142.20 126.00 120.10 129.00 111.10 151.30 55.67 29.40 53.02 62.90 35.90 130.00 119.00 144.00 149.35 111.00 119.00 55.85 43.75 62.00
45 | 1 2 3 4 5 6 8 9 10 12 13 14 15 16 17 18 19 21 22 | 143.95 120.89 125.36 127.53 110.70 146.53 56.29 29.12 53.02 62.33 35.90 129.80 120.89 156.00 116.10 130.30 126.26 55.92 43.75
46 | 1 2 3 4 5 6 7 9 10 11 12 13 14 15 16 17 18 20 22 25 | 105.85 147.69 145.64 114.60 131.15 122.30 138.60 56.55 27.35 145.00 120.00 132.50 119.70 123.00 126.20 149.90 143.10 61.40 56.50 56.10
47 | 1 2 3 4 5 6 7 9 10 11 12 13 14 15 16 17 18 21 23 25 | 110.65 146.69 147.21 112.24 125.80 130.60 65.50 46.63 25.52 42.27 40.77 132.80 121.77 112.40 147.05 146.35 115.88 55.55 55.95 55.78
48 | 1 2 3 4 5 6 8 10 11 12 14 15 16 17 18 19 20 21 23 25 26 | 130.60 125.80 112.24 147.21 146.69 110.65 55.78 55.95 26.90 46.63 65.50 40.40 130.60 121.50 110.70 146.97 148.30 110.75 55.77 55.60 42.27
49 | 1 2 3 4 5 6 8 10 11 13 14 16 17 18 19 20 21 | 147.60 113.65 122.20 136.10 102.50 152.20 102.70 124.30 143.45 144.00 181.70 132.30 134.50 128.40 133.90 128.70 128.80
50 | 1 2 3 4 5 6 7 8 10 11 12 13 14 16 17 18 19 21 24 | 125.50 121.00 147.69 142.70 116.77 130.38 116.20 161.18 146.40 131.27 135.43 36.43 64.30 110.48 147.64 154.40 107.00 101.18 101.10
51 | 1 2 3 4 5 6 7 8 10 11 12 13 14 15 17 18 19 20 21 23 26 29 | 154.33 100.10 147.69 142.70 117.16 119.30 127.52 137.77 144.26 45.30 127.52 125.27 150.70 104.86 55.00 101.60 148.70 148.70 104.86 101.57 101.10 56.07
52 | 1 2 3 4 5 6 8 9 10 12 13 14 15 16 17 18 19 21 23 24 | 143.95 120.89 130.16 135.43 110.48 146.53 56.29 28.50 63.84 67.11 31.14 135.43 119.45 143.95 149.35 110.30 125.43 55.85 48.45 48.45
53 | 1 3 4 5 6 7 8 9 10 12 14 15 16 17 18 20 21 22 | 65.20 54.60 26.80 124.70 122.00 133.07 147.18 146.60 106.10 101.57 50.50 46.70 152.75 127.20 185.50 127.20 152.75 43.30
54 | 1 2 3 4 5 6 8 10 11 13 14 15 16 17 18 19 20 22 | 141.70 116.60 126.40 126.60 106.10 146.60 100.20 29.20 53.02 61.90 34.80 135.90 124.35 111.30 155.25 113.20 125.43 43.75
55 | 1 2 3 4 5 6 8 9 10 11 12 13 14 15 18 19 21 | 146.30 131.00 125.50 118.60 116.40 138.50 20.20 58.40 40.60 43.00 91.50 66.40 133.30 128.30 35.60 46.25 42.85
56 | 1 2 3 4 5 6 7 8 10 11 12 13 15 16 17 18 19 20 21 25 27 29 31 | 149.24 136.01 149.40 124.18 135.43 110.48 32.98 60.20 45.25 45.25 45.42 193.00 133.15 127.28 110.97 153.11 147.90 108.89 172.53 62.38 56.79 60.70 100.96
57 | 1 3 4 5 6 7 8 9 10 12 15 16 17 19 21 22 23 24 25 26 28 30 | 66.45 50.40 22.50 129.13 125.15 145.22 136.01 149.24 110.48 100.96 61.00 45.00 83.35 168.00 119.30 140.95 118.10 118.40 152.30 147.60 62.20 56.79
58 | 1 3 4 5 6 7 8 9 10 12 15 16 18 20 21 22 23 24 25 27 29 | 66.45 50.40 22.50 129.13 125.15 147.08 135.69 146.87 110.48 101.35 45.00 83.35 168.00 119.30 140.95 118.10 118.40 152.30 147.60 62.20 56.79
59 | 1 2 3 4 5 6 8 9 10 11 12 13 14 15 16 17 18 20 | 145.40 139.20 127.60 118.77 112.85 142.35 56.20 31.10 60.60 146.85 126.67 29.87 69.60 77.84 48.43 40.80 46.20 42.30
60 | 1 2 3 4 5 6 8 9 11 12 13 14 15 16 17 18 19 20 22 24 26 | 144.70 110.12 128.80 140.00 114.50 145.00 29.10 49.48 68.40 138.07 114.12 142.14 129.58 39.41 147.18 147.38 110.96 123.58 101.57 40.95 55.20
61 | 1 2 3 4 5 6 8 10 11 12 14 15 16 17 18 19 20 21 22 24 26 | 120.00 132.50 123.00 126.20 149.90 143.10 61.40 56.50 119.70 138.60 145.00 54.70 27.35 131.15 122.30 105.85 148.24 148.97 110.48 55.95 56.00
62 | 1 3 4 5 6 7 8 9 10 12 14 15 16 17 18 19 20 21 23 25 | 157.40 140.60 118.30 133.00 122.50 103.80 149.70 152.00 104.90 56.34 56.30 42.00 131.90 120.10 110.50 148.10 148.60 111.50 55.77 55.60
63 | 1 3 4 5 6 7 8 9 10 12 14 15 16 17 18 20 21 22 23 25 | 68.40 48.10 29.10 128.38 138.43 112.50 145.90 146.17 110.48 55.99 40.95 39.41 145.14 120.09 200.58 147.18 147.38 110.96 125.43 101.57
64 | 1 2 3 4 5 6 8 9 10 12 13 14 15 16 17 19 20 21 23 | 143.70 133.07 122.00 124.70 111.02 152.60 56.00 26.80 54.60 65.20 46.70 50.50 152.75 127.20 185.50 127.20 152.75 43.30 60.30
65 | 1 2 3 4 5 6 7 8 10 11 12 13 14 16 17 18 19 21 23 25 | 147.64 150.00 109.55 130.90 134.20 110.48 31.90 57.10 49.50 128.40 128.90 45.70 193.00 127.10 110.96 145.40 142.80 101.10 40.70 101.18
66 | 1 2 3 4 5 6 7 8 10 11 12 13 14 15 16 17 20 21 24 | 145.53 143.40 113.40 129.60 124.70 110.60 24.40 46.63 64.40 40.77 132.80 121.77 112.40 147.05 146.35 115.88 55.55 42.27 55.99
67 | 1 2 3 4 5 6 7 8 10 11 13 14 15 16 17 18 19 21 24 25 27 | 147.64 147.18 104.72 142.87 127.80 110.48 33.77 56.65 66.45 81.23 95.63 114.90 131.55 125.70 110.96 147.38 147.18 101.57 55.50 42.64 101.35
68 | 1 3 4 5 6 7 8 9 10 13 | 51.70 41.90 28.80 126.70 141.70 114.00 145.03 145.00 113.73 22.60
69 | 1 2 3 4 5 6 8 9 10 11 12 13 15 16 17 18 19 21 23 | 143.15 135.54 127.60 118.77 109.10 145.20 55.80 29.50 60.50 161.40 118.70 181.30 151.10 122.10 41.40 40.80 45.40 42.20 54.90
70 | 1 2 3 4 5 6 7 8 10 11 12 13 14 15 16 17 18 19 21 24 | 124.47 121.00 147.69 142.70 117.16 129.17 127.52 137.77 144.26 45.30 127.52 133.40 125.38 124.47 106.04 148.73 148.70 104.86 101.57 101.10
71 | 1 2 3 4 5 6 8 9 10 11 12 13 14 15 16 17 18 20 23 | 144.60 133.10 127.60 119.10 112.90 142.70 56.20 29.50 60.70 132.30 111.30 95.80 152.30 89.00 46.00 37.00 46.00 42.30 54.70
72 | 1 2 4 5 6 7 9 10 11 12 | 124.39 148.60 149.51 138.76 136.11 69.03 57.00 22.30 34.84 40.40
73 | 1 2 4 5 6 7 9 10 11 | 123.20 148.68 148.60 140.50 134.00 60.00 47.00 25.60 34.50
74 | 1 2 3 5 6 7 8 9 10 11 13 14 15 16 17 | 24.62 26.63 56.51 65.45 30.75 34.69 27.78 34.69 57.16 65.45 57.16 56.51 26.63 24.57 30.75
75 | 2 3 4 5 6 7 8 11 13 14 15 16 17 18 19 20 22 | 67.80 29.87 66.89 33.70 65.50 34.70 75.10 172.57 54.57 135.99 128.65 128.91 127.48 128.91 128.65 63.85 39.50
76 | 2 3 4 5 6 7 8 9 12 14 16 17 18 19 20 21 22 | 63.50 35.30 66.75 49.35 65.55 25.25 25.70 173.05 52.67 167.60 130.50 130.38 128.71 133.38 128.71 130.38 41.25
77 | 2 3 4 5 6 7 8 11 13 14 15 16 17 18 19 20 22 | 58.20 31.70 66.60 31.70 58.20 55.90 55.90 171.70 54.56 135.99 128.65 128.91 127.48 128.91 128.65 63.85 43.40
78 | 2 3 4 5 6 7 8 10 12 13 14 15 16 17 18 19 21 | 59.90 36.40 68.40 36.40 59.90 25.37 25.37 172.37 54.57 135.99 128.65 128.91 127.48 128.91 128.65 63.85 39.20
79 | 2 3 4 5 6 7 8 10 12 14 15 16 17 18 19 20 21 | 61.55 35.73 66.91 35.73 61.55 25.37 25.37 176.55 70.76 39.93 137.90 127.80 129.30 125.80 129.30 127.80 39.20
80 | 2 3 4 5 6 7 8 10 | 60.00 39.40 63.90 39.40 60.00 25.80 25.80 40.30
81 | 1 2 3 4 5 6 8 9 10 12 13 14 15 16 18 23 24 25 26 27 28 32 33 34 35 36 38 | 168.50 104.50 155.60 112.00 155.90 96.50 164.20 145.60 136.30 103.70 74.80 78.10 69.68 78.80 60.81 121.20 118.40 147.40 155.40 117.40 128.30 101.50 73.30 75.42 69.68 76.03 61.08
82 | 1 2 3 4 5 6 8 | 117.40 133.50 130.10 133.50 117.40 164.90 192.00
83 | 1 2 3 4 5 6 7 8 9 14 | 148.87 149.24 115.45 122.70 125.80 115.60 144.50 115.60 168.25 55.70
84 | 1 2 3 4 5 6 7 8 9 10 11 12 13 14 15 16 17 18 19 20 21 22 23 24 25 26 27 28 29 | 32.10 71.50 38.60 41.50 35.30 38.30 50.30 140.00 126.67 27.49 54.60 44.23 38.11 22.00 56.00 28.27 23.10 40.62 134.15 135.44 43.96 31.80 20.60 20.60 25.48 11.52 20.26 11.80 13.50
85 | 1 2 3 4 5 6 7 8 9 10 11 12 13 14 15 16 17 18 19 20 21 22 23 24 25 26 27 28 29 | 31.64 71.51 42.32 140.84 121.43 31.98 32.15 50.37 36.50 37.32 18.19 21.16 38.07 42.47 56.86 24.79 26.26 56.14 40.62 134.15 135.44 43.96 31.80 20.60 20.60 25.48 11.52 20.26 16.59
86 | 1 2 3 4 5 6 8 9 10 13 14 15 16 17 18 | 164.18 99.18 161.85 105.34 157.05 94.02 146.60 136.60 175.26 123.40 130.40 116.30 160.12 116.30 130.40
87 | 1 2 3 4 5 6 8 9 10 13 14 15 16 17 18 20 | 164.18 99.18 161.85 105.34 157.05 94.02 144.80 136.20 175.26 123.50 122.72 116.30 146.10 149.30 114.40 55.70
88 | 1 2 3 4 5 6 8 9 10 13 14 15 16 17 19 21 22 23 24 25 27 35 36 37 38 39 40 | 164.18 98.94 161.46 104.73 156.50 93.72 159.40 135.80 179.60 105.60 74.10 74.90 70.00 75.50 67.33 103.57 73.92 76.30 71.66 77.29 62.77 121.11 130.94 115.18 160.12 115.18 130.94
89 | 1 2 3 4 5 6 8 9 10 13 14 15 16 17 19 24 25 26 27 28 30 35 36 37 38 39 40 | 164.18 98.94 161.00 104.73 156.50 93.72 156.83 132.67 177.33 100.37 78.81 78.29 71.27 77.70 62.60 104.50 77.80 79.50 72.44 79.50 62.69 121.11 130.94 115.18 160.12 115.18 130.94
90 | 1 2 3 4 5 6 8 9 10 13 14 15 16 17 19 21 22 23 24 25 27 35 36 37 38 39 40 | 164.18 98.94 161.46 104.73 156.50 93.72 159.40 135.80 179.60 105.60 74.10 74.90 70.00 75.50 67.33 103.57 73.92 76.30 71.66 77.29 62.77 121.11 130.94 115.18 160.12 115.18 130.94
91 | 1 2 3 4 5 6 8 9 10 13 14 15 16 17 19 21 22 23 24 25 27 34 35 36 37 38 39 | 164.18 98.94 161.00 104.73 156.50 93.72 159.40 135.80 179.60 105.60 74.10 74.90 70.00 75.50 67.33 100.29 70.36 70.69 71.85 68.32 17.84 121.11 130.94 115.18 160.12 115.18 130.94
92 | 1 2 3 4 5 6 8 9 10 13 14 15 16 17 19 24 25 26 27 28 29 33 34 35 36 37 39 | 162.40 99.20 160.82 105.44 155.94 95.40 162.00 135.80 180.10 102.60 73.90 75.50 69.70 76.40 60.80 121.11 130.94 115.18 160.12 115.18 130.94 99.95 73.05 76.35 69.68 77.10 60.81
93 | 1 2 3 4 5 6 9 10 11 14 15 16 17 18 20 25 26 27 28 29 30 | 152.70 103.29 157.90 105.40 144.30 126.70 158.34 134.59 179.20 102.60 73.90 77.30 69.70 79.20 60.80 122.67 131.57 115.18 160.12 115.18 131.57
94 | 1 2 3 4 5 6 8 9 10 11 12 14 20 21 22 25 26 27 28 29 31 37 38 39 40 41 42 | 161.78 99.81 157.90 105.40 149.87 124.67 106.66 75.75 78.90 69.69 78.11 61.08 158.34 134.59 179.20 103.76 75.88 75.70 71.40 75.10 171.70 122.67 131.57 115.18 160.12 115.18 131.57
95 | 1 2 3 4 5 6 8 9 10 13 14 15 16 17 19 21 22 23 24 25 27 35 36 37 38 39 40 | 164.18 98.94 161.46 103.67 156.38 93.67 157.18 133.10 176.90 103.15 74.10 74.90 70.00 75.50 67.33 103.57 75.10 76.30 71.66 78.00 62.32 121.33 121.63 115.50 148.78 145.16 115.60
96 | 1 2 3 4 5 6 8 9 10 13 14 15 16 17 19 24 25 26 27 28 29 34 35 36 37 38 40 | 162.40 99.20 160.82 105.60 156.00 94.20 156.50 133.10 177.60 101.10 73.90 77.30 69.70 76.40 60.80 121.33 121.63 115.50 148.78 145.16 115.60 102.40 78.60 78.34 69.69 78.40 61.08
97 | 1 2 3 4 5 6 8 9 10 13 14 15 16 17 19 24 25 26 27 28 29 31 | 164.18 98.94 161.46 103.67 156.38 93.67 158.40 136.20 176.90 101.10 73.90 77.30 69.70 76.40 60.80 120.60 122.30 115.50 146.10 149.10 113.70 55.70
98 | 1 2 3 4 5 6 8 9 10 13 14 15 16 17 19 21 22 23 24 25 33 34 35 36 37 38 40 | 164.18 98.94 161.00 102.80 156.50 93.67 160.20 136.20 176.90 103.15 74.10 74.90 70.00 75.50 68.55 103.60 72.00 74.55 68.70 65.45 123.00 124.90 115.50 146.10 149.10 115.10 55.70
99 | 1 2 3 4 5 6 8 9 10 13 14 15 16 17 19 21 22 23 24 25 27 34 35 36 37 38 39 41 | 164.18 98.94 161.00 103.67 156.50 93.67 158.40 136.20 176.90 103.15 74.10 74.90 70.00 75.50 67.33 100.29 70.36 70.69 71.85 68.32 17.84 120.60 124.90 115.50 146.10 149.10 115.10 55.70
100 | 1 2 3 4 5 6 8 9 10 13 14 15 16 17 19 24 25 26 27 28 29 31 35 36 37 38 39 | 163.71 100.14 160.82 105.60 156.00 95.22 160.20 136.20 177.60 101.10 73.90 77.30 69.70 76.40 60.80 120.60 122.30 115.50 146.10 149.10 113.70 55.70 103.60 74.70 77.40 71.10 66.90
101 | 1 2 3 4 5 6 8 9 10 13 14 15 16 17 19 24 25 26 27 28 29 31 35 36 37 38 39 41 | 162.40 99.20 160.82 105.60 156.00 94.20 160.20 136.20 177.60 101.10 73.90 77.30 69.70 76.40 60.80 120.60 122.30 115.50 146.10 149.10 113.70 55.70 103.70 78.60 77.28 69.69 78.40 61.08
102 | 1 2 3 4 5 6 9 10 11 14 15 16 17 18 19 24 25 26 27 28 30 | 152.80 96.88 163.07 105.40 144.30 135.91 147.00 136.20 176.70 125.20 122.72 115.74 148.78 145.46 116.14 102.80 74.60 76.05 69.68 77.15 60.81
103 | 1 2 3 4 5 6 8 9 10 11 12 14 20 21 22 25 26 27 28 29 31 37 38 39 40 41 42 | 161.78 99.81 157.90 105.40 149.87 124.67 106.66 75.75 78.90 71.27 78.11 61.08 156.43 133.97 179.20 103.88 75.88 75.70 71.40 75.40 171.70 121.78 121.99 115.50 148.78 145.16 116.14
104 | 1 2 3 4 5 6 8 9 10 12 13 14 15 16 18 23 24 25 26 27 29 34 35 36 37 38 39 | 169.60 103.30 159.20 113.30 156.95 94.95 163.30 144.40 136.80 100.80 80.50 76.90 71.32 77.70 62.24 106.39 76.39 78.37 71.70 78.77 62.69 119.40 135.50 117.30 165.17 117.30 135.50
105 | 1 2 3 4 5 6 8 9 10 12 13 14 15 16 18 23 24 25 26 27 29 34 35 36 37 38 39 42 43 44 45 46 48 | 168.50 104.50 155.60 112.00 155.90 96.50 163.30 144.40 136.30 100.80 80.50 76.90 71.32 77.70 62.24 107.80 77.80 79.50 72.44 79.50 62.69 119.40 135.50 117.30 165.17 117.30 135.50 101.50 73.30 75.42 69.68 76.56 60.81
106 | 1 2 3 4 5 6 8 9 10 12 13 14 15 16 18 23 24 25 26 27 29 34 35 36 37 38 39 43 44 45 46 47 49 | 158.94 100.64 158.55 113.30 156.66 97.01 163.30 144.40 136.80 100.80 80.50 76.90 71.32 77.70 60.95 106.39 76.39 78.37 72.44 78.77 62.69 119.40 135.50 117.30 165.17 117.30 135.50 102.30 74.50 78.34 69.69 76.40 61.08
107 | 1 2 3 4 5 6 8 9 10 12 13 14 15 16 18 23 24 25 26 27 29 34 35 36 37 38 39 | 169.60 103.30 159.20 113.30 157.60 95.10 164.20 145.60 136.80 100.80 80.50 76.90 71.32 77.70 62.24 106.39 76.39 78.37 71.70 78.77 62.69 121.20 128.30 117.40 155.40 147.40 118.40
108 | 1 2 3 4 5 6 8 9 10 12 13 14 15 16 18 20 22 23 29 30 31 32 33 35 40 41 42 43 44 45 | 169.60 103.30 159.20 113.30 156.95 94.95 163.30 144.40 136.80 100.80 80.50 75.50 69.91 74.59 63.39 166.60 43.45 168.15 106.39 76.39 78.37 69.90 78.77 61.10 119.40 135.50 117.30 165.17 117.30 135.50
109 | 1 2 3 4 5 7 10 | 151.40 124.70 137.70 125.40 152.20 167.70 166.30
110 | 1 2 3 5 6 8 10 11 12 13 17 19 20 21 23 25 27 28 29 30 31 32 33 34 | 40.40 47.79 96.79 140.30 102.88 99.23 78.14 69.67 77.79 74.39 61.03 164.90 132.40 69.64 64.90 168.46 116.29 145.07 134.23 128.40 128.90 128.45 128.90 128.40
111 | 1 2 3 4 5 6 7 9 10 11 12 14 15 16 17 18 20 22 24 25 31 32 33 34 35 40 41 42 43 45 46 47 48 49 51 | 118.40 147.40 155.40 117.40 128.30 121.20 164.20 156.66 113.30 136.80 145.60 100.80 79.13 75.50 69.91 74.59 63.39 166.60 43.45 168.15 106.60 74.40 75.90 70.91 66.40 158.55 100.64 158.94 97.01 101.59 74.26 76.35 69.68 78.40 61.08
112 | 1 2 3 4 5 6 7 8 9 10 11 12 13 14 16 18 20 | 129.72 113.80 151.70 142.20 117.14 134.80 127.83 127.38 131.37 134.00 104.86 156.65 117.80 129.72 55.71 62.80 56.86
113 | 1 2 3 4 5 6 7 8 9 10 11 12 13 14 16 19 | 129.72 117.91 149.00 153.50 117.14 134.80 127.83 127.38 131.37 134.00 104.86 156.65 117.80 129.72 55.71 56.13
114 | 1 2 3 4 5 6 7 8 9 10 11 12 13 14 16 19 | 101.40 161.80 100.64 174.60 114.40 134.52 126.83 127.38 126.90 134.00 104.86 156.65 117.80 129.72 55.71 55.63
115 | 1 2 3 4 5 6 9 10 11 12 13 | 64.21 49.80 35.40 161.75 113.50 171.60 88.52 40.94 30.50 26.35 26.35
116 | 1 2 3 4 5 6 7 8 9 10 12 13 14 15 16 17 18 20 22 25 | 147.90 145.00 111.80 125.40 128.60 109.40 39.50 72.20 41.80 62.70 53.80 116.90 131.10 120.30 107.30 145.40 142.80 101.10 42.30 100.80
117 | 1 2 3 4 5 6 7 8 9 10 12 13 14 15 16 17 18 20 24 | 147.90 145.40 108.27 131.55 128.60 109.40 39.50 72.20 42.27 65.54 47.20 123.14 131.10 120.30 107.30 145.40 142.80 101.10 100.80
118 | 1 2 3 4 5 6 7 8 9 10 12 13 14 15 16 17 18 20 22 25 | 147.90 145.00 111.80 125.40 128.60 109.40 39.50 72.20 41.80 62.70 53.80 116.90 131.10 120.30 107.30 145.40 142.80 101.10 42.30 100.80
119 | 1 2 3 4 5 6 7 8 9 10 12 13 14 15 16 17 18 20 22 23 26 | 147.90 145.40 108.27 131.55 128.60 109.40 28.88 76.48 40.51 69.80 53.80 118.30 141.61 127.86 110.96 145.40 142.80 101.10 42.64 21.79 100.80
120 | 1 2 3 4 5 6 7 8 9 10 12 13 14 15 16 17 18 20 22 23 25 26 28 | 147.25 147.75 100.50 126.60 127.80 104.05 123.90 120.20 124.50 140.90 58.78 121.64 137.31 127.97 110.96 147.38 147.18 101.57 40.10 206.60 30.40 35.28 101.05
121 | 1 2 3 4 5 6 7 8 9 10 12 13 14 15 16 17 18 20 22 23 25 27 | 148.70 147.75 100.50 124.78 125.27 101.60 148.59 111.37 126.04 140.90 52.89 123.14 137.31 127.97 110.96 146.95 149.12 60.10 55.70 40.80 56.19 101.57
122 | 1 2 3 4 5 6 7 8 9 10 12 13 14 15 16 17 18 20 22 23 25 27 | 147.25 147.75 100.50 126.60 127.80 104.05 123.90 120.20 124.50 140.90 53.30 121.05 137.31 127.97 110.96 150.63 145.22 61.00 56.02 61.45 35.28 101.05
123 | 1 2 3 4 5 6 7 8 9 10 12 13 14 15 16 17 18 20 22 23 25 | 148.73 148.70 104.86 127.52 133.40 106.04 125.38 124.47 127.52 137.77 144.26 117.16 129.17 124.47 121.00 147.70 147.95 62.45 56.86 45.30 101.57
124 | 1 2 3 4 5 6 7 8 9 10 12 13 14 15 16 17 18 20 22 24 25 27 | 148.73 148.70 104.86 127.52 133.40 106.04 125.38 124.47 127.52 137.77 144.26 117.16 119.30 154.33 100.10 149.00 147.95 62.45 56.13 56.07 45.30 101.57
125 | 1 2 3 4 5 6 7 8 9 10 12 13 14 15 16 17 18 20 22 23 25 26 27 29 31 33 | 147.90 145.40 108.27 131.55 128.60 109.40 28.88 80.81 40.51 69.80 67.38 121.64 141.61 127.86 110.96 147.38 147.18 101.57 43.58 206.60 30.40 40.17 21.79 170.36 21.30 100.80
126 | 1 2 3 4 5 6 7 8 9 10 12 13 14 15 16 17 18 20 22 24 25 28 | 147.90 145.40 108.27 131.55 128.60 109.40 28.88 76.48 40.51 69.80 53.30 121.64 141.61 127.86 110.96 147.38 147.18 101.57 64.40 40.17 21.79 100.80
127 | 1 2 3 4 5 6 7 8 9 10 12 13 14 15 16 17 18 20 23 24 26 | 147.90 145.40 110.33 131.87 128.60 109.40 28.88 80.81 40.51 69.80 88.79 116.20 141.61 127.86 110.96 147.38 138.30 101.57 29.00 21.79 100.80
128 | 1 2 3 4 5 6 7 8 9 10 12 13 14 15 16 17 18 20 22 23 25 | 147.25 148.20 100.80 126.60 125.90 104.40 123.90 120.20 124.50 142.80 52.89 123.14 137.31 127.97 110.96 146.95 149.12 60.10 55.70 40.80 101.05
129 | 1 2 3 4 5 6 7 8 9 10 12 13 14 15 16 17 18 20 23 24 26 | 147.25 148.20 100.80 126.60 125.90 104.40 122.20 124.00 122.00 142.80 52.89 123.14 120.89 155.45 95.50 147.15 142.80 101.57 56.35 40.80 101.05
130 | 1 2 3 4 5 6 7 8 9 10 12 13 14 15 16 17 18 20 23 24 26 28 | 148.70 147.75 100.50 124.78 125.27 101.60 148.59 111.37 126.04 140.90 52.89 123.14 120.89 155.45 95.50 147.15 142.80 101.57 56.35 40.80 56.19 101.57
131 | 1 2 3 4 5 6 7 8 9 10 12 13 14 15 16 17 18 20 22 24 | 148.73 148.70 102.20 126.10 133.40 106.04 125.38 117.10 116.50 140.90 148.89 116.77 129.17 124.47 117.40 148.58 145.02 61.30 56.86 101.57
132 | 1 2 3 4 5 6 7 8 9 10 12 13 14 15 16 17 18 20 23 | 148.73 148.70 102.20 126.10 133.40 106.04 125.38 117.10 116.50 140.90 148.89 116.77 129.17 124.47 117.40 147.69 142.70 101.10 101.57
133 | 1 2 3 4 5 6 7 8 9 10 12 13 14 15 16 17 18 20 22 23 25 27 29 | 147.90 145.40 108.27 131.55 128.60 109.40 28.88 80.81 40.51 69.80 53.80 118.30 141.61 127.86 110.96 145.40 142.80 101.10 42.64 21.79 170.36 21.30 100.80
134 | 1 2 3 4 5 6 7 8 9 10 12 14 15 16 17 18 19 21 23 25 | 147.25 147.75 100.50 126.60 127.80 104.05 123.90 120.20 124.50 140.90 161.51 112.90 137.31 127.97 110.96 147.38 147.18 101.57 32.02 101.05
135 | 1 2 3 4 5 6 7 8 10 11 12 13 14 15 16 17 18 20 23 25 | 126.20 149.90 143.10 120.00 132.50 123.00 124.05 138.60 145.00 54.70 27.35 131.15 122.30 111.37 145.90 146.17 110.48 55.99 61.40 56.50
136 | 1 2 3 4 5 6 7 8 10 11 12 13 14 15 16 17 18 20 23 | 117.91 147.69 142.70 120.90 134.05 124.05 124.05 137.00 145.30 54.70 25.80 130.20 120.90 104.90 147.20 149.30 107.90 101.60 101.10
137 | 1 2 3 4 5 6 7 8 9 10 11 12 13 14 15 16 18 21 24 26 | 110.96 156.09 139.90 143.18 123.95 129.46 36.50 59.05 125.15 144.80 148.90 113.90 121.64 136.62 67.30 52.98 42.64 55.00 61.18 56.26
138 | 1 2 3 4 5 6 7 8 9 10 11 12 13 14 15 16 18 22 | 139.10 146.90 96.91 148.40 123.90 110.90 36.50 56.70 129.11 143.18 144.25 118.50 125.43 126.30 26.00 47.50 42.40 56.10
139 | 1 2 3 4 5 6 7 8 9 10 11 12 13 14 15 16 18 20 24 | 144.05 146.00 100.37 148.40 118.30 114.49 36.50 56.70 132.50 144.80 148.90 110.40 124.30 126.30 26.00 47.50 42.40 55.00 56.40
140 | 1 2 3 4 5 6 7 8 9 10 11 12 13 14 15 16 18 23 | 144.05 146.00 100.37 148.40 118.30 114.49 36.50 56.70 129.11 143.18 144.25 118.50 125.43 126.30 26.00 47.50 42.40 56.40
141 | 1 2 3 4 5 6 7 8 9 10 11 12 13 14 15 16 18 23 | 106.50 148.41 135.91 143.18 123.95 129.46 36.50 56.70 129.11 143.18 144.25 118.50 125.43 126.30 26.00 47.50 42.40 56.34
142 | 1 2 3 4 5 6 7 8 9 10 11 12 13 14 15 16 18 20 23 | 139.10 146.90 96.91 148.40 123.90 110.90 36.50 56.70 132.50 144.80 148.90 110.40 124.30 126.30 26.00 47.50 42.40 55.00 56.10
143 | 1 2 3 4 5 6 7 8 9 10 11 12 13 14 15 16 18 23 25 | 144.80 147.30 105.10 148.40 118.30 113.60 36.50 59.05 125.15 143.18 144.25 115.40 121.64 136.62 67.30 52.98 42.64 56.20 56.99
144 | 1 2 3 4 5 6 8 9 10 12 13 14 15 16 17 19 21 | 148.29 144.80 114.49 123.90 148.40 96.91 143.18 125.15 55.94 41.11 27.94 126.30 125.43 118.50 144.25 35.36 101.30
145 | 1 2 3 4 5 6 8 9 10 12 13 14 15 16 17 19 21 23 | 147.30 144.80 113.60 123.90 148.40 105.10 143.18 125.15 55.94 41.11 27.94 126.30 125.43 118.50 144.25 35.36 56.99 56.20
146 | 1 2 3 4 5 6 7 8 9 10 11 12 13 14 15 16 18 20 23 | 144.80 148.29 96.91 148.40 118.30 114.49 36.50 56.70 132.50 144.80 148.90 110.40 124.30 126.30 26.00 47.50 42.40 55.00 101.30
147 | 1 2 3 4 5 6 7 8 9 10 11 12 13 14 15 16 18 20 24 | 106.50 148.41 135.91 143.18 123.95 129.46 36.50 56.70 132.50 144.80 148.90 110.40 124.30 126.30 26.00 47.50 42.40 55.00 56.34
148 | 1 2 3 4 5 6 7 8 9 10 11 12 13 14 15 16 18 20 23 25 | 110.96 156.09 139.90 143.18 123.95 129.46 36.50 56.70 132.50 144.80 148.90 110.40 124.30 126.30 26.00 47.50 42.40 55.00 61.18 56.26
149 | 1 2 3 4 5 6 7 8 9 10 11 12 13 14 15 18 20 23 25 | 109.30 156.09 139.90 143.18 128.85 126.42 116.60 148.41 123.86 143.18 150.63 110.96 129.80 131.55 165.40 34.31 56.02 61.18 56.26
150 | 1 2 3 4 5 6 7 8 9 10 11 12 13 14 15 16 18 20 23 25 | 143.26 151.24 96.91 155.21 126.96 109.94 129.45 128.83 120.60 143.18 150.63 111.24 125.43 135.43 38.55 50.59 36.07 56.02 56.20 56.52
151 | 1 2 3 4 5 6 8 9 10 13 14 15 16 17 19 21 22 25 26 27 29 | 150.63 111.24 125.43 135.43 112.90 145.22 156.07 124.68 168.10 52.25 114.30 143.80 151.24 96.91 56.20 56.30 161.51 48.00 28.30 34.95 56.02
152 | 1 2 3 4 5 6 8 9 10 12 13 14 15 16 17 19 20 23 | 148.29 141.38 106.92 119.23 155.21 96.91 144.88 116.80 145.49 139.70 119.09 133.40 129.72 124.10 148.58 56.86 187.01 101.75
153 | 1 2 3 4 5 6 8 9 10 12 13 14 15 16 17 19 20 23 25 | 151.24 143.90 106.92 119.23 155.21 96.91 144.88 116.80 145.49 139.70 119.09 133.40 129.72 124.10 148.58 56.86 187.01 56.00 56.20
154 | 1 2 3 4 5 6 9 10 11 13 14 15 16 17 18 20 21 24 | 148.41 110.96 128.17 119.23 143.18 135.91 144.88 116.80 145.49 139.70 119.09 133.40 129.72 124.10 148.58 56.86 187.01 56.34
155 | 1 2 3 4 5 6 8 10 11 12 14 15 16 17 18 19 21 22 25 | 156.09 107.37 128.17 119.23 143.18 139.90 61.18 144.88 116.80 145.49 139.70 119.09 133.40 129.72 124.10 148.58 56.86 187.01 56.26
156 | 1 2 3 4 5 6 8 10 11 12 14 15 16 17 18 19 21 24 | 156.09 107.37 128.17 119.23 143.18 139.90 61.18 144.88 116.80 145.49 139.70 119.09 133.40 129.72 118.90 146.68 187.01 56.26
157 | 1 2 3 4 5 6 7 8 9 10 11 12 13 14 15 16 18 19 23 25 | 143.26 151.24 96.91 155.21 126.96 109.94 129.45 128.83 120.60 143.18 144.25 118.50 125.43 135.43 32.98 60.20 45.25 45.25 56.20 56.52
158 | 1 2 3 4 5 6 7 8 9 10 11 12 13 14 15 16 18 19 21 24 26 | 143.26 151.24 96.91 155.21 126.96 109.94 129.45 128.83 120.60 143.18 150.63 111.24 125.43 135.43 32.98 60.20 45.25 45.25 56.02 56.20 56.52
159 | 1 2 3 4 5 6 7 8 9 10 11 12 13 14 15 17 20 22 25 27 | 109.30 156.09 139.90 143.18 128.85 126.42 116.60 148.41 131.89 143.18 150.63 110.97 127.28 133.15 174.80 156.60 34.31 56.02 61.18 56.26
160 | 1 2 3 4 6 7 8 9 10 11 12 13 14 15 16 17 18 20 21 26 | 59.60 48.43 49.30 209.19 49.30 45.60 61.00 65.95 73.40 48.43 62.70 74.53 40.70 148.23 108.76 38.14 210.69 84.92 75.57 21.79
161 | 1 2 3 4 5 6 7 8 10 11 12 13 14 15 16 17 18 20 23 | 145.64 147.69 106.84 125.90 132.40 114.60 36.70 59.40 56.84 51.35 29.00 125.40 130.40 111.60 144.10 145.53 109.65 55.99 56.10
162 | 1 2 3 4 5 6 7 8 10 11 12 13 14 15 16 17 18 20 22 24 | 145.64 147.69 106.84 125.90 132.40 114.60 36.70 59.20 56.84 51.35 28.70 126.57 129.60 110.27 147.30 147.21 109.33 55.95 55.78 56.10
163 | 1 2 3 4 5 6 7 8 10 11 12 13 14 15 16 17 18 20 22 24 | 118.50 144.25 145.22 127.60 128.50 125.43 36.10 59.10 53.80 51.30 28.90 126.57 129.45 110.27 147.30 147.21 109.33 55.95 55.78 61.00
164 | 1 2 3 4 5 6 7 8 10 11 12 13 14 15 16 17 19 21 22 25 | 110.48 146.17 144.03 111.95 129.80 134.50 36.10 67.38 67.38 36.10 134.50 129.80 109.91 147.15 147.80 109.40 55.95 55.78 39.50 55.99
165 | 1 2 3 4 5 6 7 8 9 10 12 13 14 15 16 17 19 21 22 | 155.25 113.20 125.43 135.90 124.35 111.30 126.40 126.20 61.90 34.80 53.02 28.95 127.00 110.60 151.40 144.00 59.75 55.67 43.75
166 | 1 2 3 4 5 6 7 8 10 11 12 13 14 15 16 17 18 20 22 24 26 | 110.80 150.10 144.90 127.60 128.50 123.70 36.10 59.10 53.80 51.30 28.90 126.57 129.45 110.27 147.30 147.21 109.33 55.95 55.78 60.00 55.70
167 | 1 2 3 4 5 6 7 9 10 11 12 13 14 15 16 17 18 21 | 143.40 145.53 110.60 124.70 128.85 113.40 64.00 49.50 24.40 43.10 39.70 131.44 130.47 114.91 158.20 114.91 130.47 55.99
168 | 1 2 3 4 5 6 7 8 10 11 12 13 14 15 16 17 20 21 24 | 110.48 146.17 144.03 111.95 129.80 134.50 36.10 58.78 58.78 36.10 134.50 129.80 112.60 147.69 145.64 114.60 56.10 39.00 55.99
169 | 1 2 3 4 5 6 7 8 10 12 13 14 15 16 17 18 19 22 | 156.06 116.49 130.85 130.90 130.85 116.49 35.60 42.00 166.60 118.96 140.70 127.50 110.70 148.25 149.24 115.70 122.55 55.70
170 | 1 2 3 4 5 6 7 8 10 11 12 13 14 15 16 17 18 20 22 24 26 | 151.88 150.94 104.86 127.52 133.40 106.04 124.05 138.60 144.26 56.55 27.35 131.15 122.30 105.85 148.24 148.97 110.48 55.95 56.00 55.97 55.79
171 | 1 2 3 4 5 6 7 8 9 10 11 12 14 15 16 17 18 20 23 | 144.03 146.17 110.48 134.50 129.80 111.95 67.38 36.04 134.50 129.80 67.38 36.04 39.50 112.60 145.40 147.64 110.48 100.80 55.99
172 | 1 2 3 4 5 6 7 8 9 10 11 12 14 15 16 17 18 20 23 | 145.40 147.64 110.48 134.50 129.80 112.60 67.38 36.04 134.50 129.80 67.38 36.04 39.00 112.60 145.40 147.64 110.48 100.80 100.80
173 | 1 2 3 4 5 6 7 8 9 10 11 12 14 15 16 17 18 20 22 24 | 145.64 147.69 112.60 129.80 134.50 114.60 36.10 67.38 129.80 134.50 36.10 58.78 39.00 109.40 147.80 147.15 109.91 55.78 55.95 56.10
174 | 1 2 3 4 5 6 7 8 9 10 11 12 14 15 16 17 18 21 24 | 110.30 148.43 147.08 121.05 136.45 125.43 36.10 67.38 129.80 134.50 36.10 58.78 39.50 110.48 146.17 144.03 111.95 55.99 56.10
175 | 1 2 3 4 5 6 7 8 9 10 11 12 14 15 16 17 18 20 22 25 | 110.30 148.43 147.08 121.05 136.45 125.43 36.10 67.38 129.80 134.50 36.10 58.78 39.50 109.40 147.80 147.15 109.91 55.78 55.95 56.10
176 | 1 2 3 4 5 6 7 8 10 11 13 14 15 16 17 18 19 21 23 25 27 29 | 148.30 149.70 105.95 142.87 127.80 113.00 33.77 56.65 66.45 81.23 95.87 126.68 131.55 125.70 110.96 150.63 145.22 61.00 56.02 42.64 56.15 55.95
177 | 1 2 3 4 5 6 7 8 10 11 13 14 15 16 17 18 19 21 24 25 27 29 | 148.30 149.70 105.95 142.87 127.80 113.00 33.77 56.65 66.45 81.23 95.63 126.68 131.55 125.70 110.96 147.38 147.18 101.57 55.50 42.64 56.15 55.95
178 | 1 2 3 4 5 6 7 8 10 11 13 14 15 16 17 18 19 21 24 26 28 | 148.30 149.70 105.95 142.87 127.80 113.00 33.77 56.65 66.45 81.23 95.87 126.68 131.55 125.70 110.96 147.38 147.18 101.57 42.64 56.15 55.95
179 | 1 2 3 4 5 6 7 8 10 11 13 14 15 16 17 18 19 21 24 25 27 29 | 148.30 149.70 105.95 142.87 127.80 113.00 33.77 56.65 66.45 81.23 95.63 114.90 131.55 125.70 110.96 147.38 147.18 101.57 55.50 42.64 56.15 55.95
180 | 1 2 3 4 5 6 7 8 10 11 13 14 15 16 17 18 19 21 24 25 27 | 147.64 149.40 105.95 142.87 127.80 110.48 33.77 56.65 66.45 81.23 95.63 114.90 131.55 125.70 110.96 147.38 147.18 101.57 55.50 42.64 101.35
181 | 1 2 3 4 5 6 7 8 10 11 13 14 15 16 17 18 19 21 24 26 | 147.64 149.40 105.95 142.87 127.80 110.48 33.77 56.65 66.45 81.23 95.87 126.68 131.55 125.70 110.96 147.38 147.18 101.57 42.64 101.35
182 | 1 2 3 4 5 6 7 8 10 11 13 14 15 16 17 18 19 21 24 25 27 29 | 148.30 149.70 105.95 142.87 127.80 113.00 33.77 56.65 66.45 81.23 95.63 114.90 131.55 125.70 110.96 147.38 147.18 101.57 55.50 42.64 56.15 55.95
183 | 1 2 3 4 5 6 7 8 10 11 13 14 15 16 17 18 19 21 24 26 28 | 148.30 151.60 104.72 142.87 127.80 113.00 33.77 56.65 66.45 81.23 95.87 114.90 131.55 125.70 110.96 147.38 147.18 101.57 42.64 56.15 55.95
184 | 1 2 3 4 5 6 7 8 10 11 13 14 15 16 17 18 19 21 24 26 | 147.64 149.40 105.95 142.87 127.80 110.48 38.55 48.76 59.80 81.23 95.63 114.90 131.55 125.70 110.96 147.38 147.18 101.57 55.50 101.35
185 | 1 2 3 4 5 6 7 8 10 11 13 14 15 16 17 18 19 21 24 26 28 | 148.30 149.70 105.95 142.87 127.80 113.00 38.55 48.76 59.80 81.23 95.63 114.90 131.55 125.70 110.96 147.38 147.18 101.57 55.50 56.15 55.95
186 | 1 2 3 4 5 6 7 8 10 11 13 14 15 16 17 18 19 21 24 27 | 146.17 145.90 117.40 142.87 127.80 110.48 38.55 48.76 59.80 81.23 95.63 126.68 131.55 125.70 110.96 147.38 147.18 101.57 55.50 55.99
187 | 1 2 3 4 5 6 7 8 10 11 13 14 15 16 17 18 19 21 24 27 | 146.17 145.90 117.40 142.87 127.80 110.48 38.55 48.76 59.80 81.23 95.63 114.90 131.55 125.70 110.96 147.38 147.18 101.57 55.50 55.99
188 | 1 2 3 4 5 6 7 8 10 11 13 14 15 16 17 18 19 21 24 26 | 147.64 147.18 104.72 142.87 127.80 110.48 38.55 48.76 59.80 81.23 95.63 114.90 131.55 125.70 110.96 147.38 147.18 101.57 55.50 101.35
189 | 1 2 3 4 5 6 7 8 10 11 13 14 15 16 17 18 19 21 24 26 28 | 148.30 151.60 104.72 142.87 127.80 113.00 38.55 48.76 59.80 81.23 95.63 114.90 131.55 125.70 110.96 147.38 147.18 101.57 55.50 56.15 55.95
190 | 1 2 3 4 5 6 7 8 10 11 13 14 15 16 17 18 19 21 23 25 27 29 | 148.30 149.70 105.95 142.87 127.80 113.00 38.55 48.76 59.80 81.23 95.63 114.90 131.55 125.70 110.96 150.63 145.22 61.00 56.02 55.50 56.15 55.95
191 | 1 2 3 4 5 6 7 8 10 11 13 14 15 16 17 18 19 21 24 26 | 147.64 147.18 104.72 142.87 127.80 110.48 33.77 56.65 66.45 81.23 95.87 114.90 131.55 125.70 110.96 147.38 147.18 101.57 42.64 101.35
192 | 1 2 3 4 5 6 7 8 10 11 12 13 14 15 16 17 18 20 22 25 | 118.50 144.25 145.22 127.60 128.50 125.43 36.10 67.38 53.80 51.30 28.30 129.13 121.05 147.08 135.77 151.84 110.48 56.30 60.52 61.00
193 | 1 2 3 4 5 6 7 8 9 10 12 13 14 15 16 17 19 21 23 25 | 147.60 148.20 110.50 128.30 123.40 111.20 116.60 126.40 62.40 34.30 53.02 29.20 126.60 106.10 146.60 141.70 100.20 43.75 55.95 56.05
194 | 1 2 3 4 5 6 7 8 9 10 12 13 14 15 16 17 19 21 | 126.40 126.70 127.70 135.90 131.60 127.30 124.28 126.67 61.90 34.80 53.02 29.20 126.60 106.10 146.60 141.70 100.20 43.75
195 | 1 2 3 4 5 6 7 8 9 10 12 13 14 15 16 17 19 21 | 114.67 156.11 112.56 129.36 131.60 127.97 124.28 126.67 62.25 34.60 53.02 29.20 126.60 106.10 146.60 141.70 100.20 43.75
196 | 1 2 4 5 6 7 9 10 11 12 13 14 15 16 17 18 20 23 24 | 40.80 45.40 60.50 161.40 118.70 181.30 151.10 122.10 41.40 135.54 143.15 145.20 109.10 118.77 127.60 29.50 55.80 54.90 42.20
197 | 1 2 3 4 5 6 7 8 10 11 12 13 14 15 16 17 18 20 23 25 | 110.80 150.10 144.90 127.60 128.50 123.70 36.10 58.70 53.80 51.30 28.10 125.40 129.40 111.60 144.10 145.53 109.65 55.99 60.00 55.70
198 | 1 2 3 4 5 6 7 9 10 11 12 13 14 15 16 17 18 20 22 24 | 143.40 145.53 110.60 124.70 129.60 113.40 64.40 46.63 24.40 42.27 40.40 130.60 110.75 148.30 146.97 110.70 121.50 55.60 55.77 55.99
199 | 1 2 3 4 5 6 8 9 10 11 13 14 15 16 17 18 21 22 24 | 149.35 111.00 119.00 130.00 119.45 143.95 120.89 125.36 62.33 35.90 53.02 29.12 127.53 110.70 146.53 143.95 56.29 43.75 55.85
200 | 1 2 3 4 5 6 7 8 9 10 12 13 14 15 16 17 19 21 23 25 | 147.60 148.20 110.50 128.30 123.40 111.20 116.60 126.40 62.40 34.30 53.02 29.20 126.60 106.10 146.60 141.70 100.20 43.75 55.95 56.05
201 | 1 2 3 4 5 6 7 9 10 11 12 13 14 15 16 17 18 20 23 25 | 146.69 147.21 112.24 125.80 130.60 110.65 65.50 46.63 26.90 42.27 40.77 132.80 115.88 146.35 147.05 112.40 121.77 55.55 55.95 55.78
202 | 1 2 3 4 5 6 8 9 10 11 12 14 15 16 17 18 19 22 23 24 26 | 159.30 111.24 125.43 135.43 120.89 144.14 60.98 120.89 130.16 75.82 31.14 63.84 28.50 135.43 110.48 146.53 143.95 56.29 48.45 48.45 56.20
203 | 1 2 3 4 5 6 7 8 9 10 12 13 14 15 16 17 19 21 22 25 | 148.00 147.40 115.80 129.36 124.35 112.80 126.40 126.20 62.25 34.60 53.02 28.95 127.00 110.60 151.40 144.00 59.75 55.67 43.75 56.60
204 | 1 2 3 4 5 6 7 8 9 10 12 13 14 15 16 17 19 21 23 25 | 147.60 148.20 110.50 129.36 124.35 111.20 124.28 126.80 54.70 35.80 42.50 29.00 130.10 111.50 151.40 144.30 59.75 55.67 55.95 56.05
205 | 1 2 3 4 5 6 7 9 10 11 12 13 14 15 16 17 20 | 145.70 148.00 112.70 126.10 129.60 114.00 57.80 41.20 28.80 41.70 128.80 131.30 116.60 158.20 116.60 131.30 55.99
206 | 1 2 3 4 5 6 7 8 9 10 11 12 14 16 18 19 20 21 23 25 | 120.89 129.80 35.90 62.33 125.36 120.89 143.95 146.53 110.70 127.53 29.12 53.02 43.75 56.29 118.85 111.24 159.30 144.14 60.98 56.20
207 | 1 2 3 4 5 6 7 8 9 10 12 13 14 15 16 17 19 21 | 125.57 126.72 127.12 133.40 130.60 127.93 119.30 127.52 147.25 113.70 49.48 29.70 133.63 113.10 145.50 142.70 101.10 39.73
208 | 2 3 4 5 6 7 8 9 10 11 12 13 15 16 17 18 20 22 | 47.50 26.00 126.30 121.64 59.05 39.30 132.34 130.47 114.91 158.20 114.91 130.47 147.08 148.43 110.30 124.30 56.10 41.90
209 | 1 2 3 4 5 6 7 9 10 11 12 13 14 15 16 17 20 22 | 128.70 133.90 128.40 134.50 132.30 128.80 181.70 144.00 122.20 113.65 152.10 155.90 106.04 135.65 123.80 143.45 56.20 60.60
210 | 2 3 4 5 6 7 8 9 10 11 12 13 15 16 17 18 20 22 23 | 63.84 28.50 135.43 130.16 75.82 31.14 127.28 131.10 116.70 158.30 116.70 131.10 111.37 145.90 146.17 110.48 55.99 48.45 48.45
211 | 1 2 3 4 5 6 8 9 10 11 13 14 15 16 17 18 20 22 23 24 26 | 149.35 110.30 125.43 135.43 119.45 143.95 120.89 130.16 75.82 31.14 63.84 28.50 135.43 110.48 151.32 144.14 60.98 55.67 48.45 48.45 55.85
212 | 1 2 3 4 5 6 7 8 9 10 11 12 13 14 15 16 18 20 22 | 126.70 126.40 127.30 131.60 135.90 127.70 34.80 61.90 128.10 126.30 144.60 151.40 110.60 127.00 28.95 53.02 43.75 55.67 59.75
213 | 1 2 3 4 5 6 7 9 10 11 12 13 14 15 16 17 20 22 24 | 150.00 147.15 109.89 127.70 125.00 109.55 181.85 143.70 122.20 113.65 152.10 155.90 106.04 135.65 123.80 143.45 56.20 60.60 101.35
214 | 1 3 4 5 6 7 8 9 10 12 14 16 17 18 19 20 21 22 24 26 | 143.75 40.10 28.22 131.87 126.38 110.34 147.23 147.64 110.48 101.18 161.51 112.90 135.81 110.19 127.86 110.96 150.63 145.22 61.00 56.02
215 | 1 2 4 5 6 7 8 9 10 11 13 14 16 17 18 19 20 23 24 | 40.80 45.40 60.50 32.70 129.20 130.70 41.40 161.40 118.70 181.30 151.10 122.10 54.90 105.50 145.10 145.64 114.60 56.10 42.20
216 | 1 2 3 4 5 6 7 8 9 10 11 12 13 14 15 16 18 21 23 25 | 148.20 147.60 111.20 124.35 128.30 110.50 34.30 62.25 126.67 124.28 143.96 150.20 115.90 128.80 28.30 52.96 43.75 59.96 56.05 55.95
217 | 1 2 3 4 5 6 7 8 9 10 11 12 13 14 15 16 18 19 21 | 128.74 126.40 127.30 131.60 135.43 126.26 31.14 75.82 130.16 120.89 141.70 146.60 110.48 135.43 28.50 63.84 48.45 48.45 100.20
218 | 1 3 4 5 6 8 9 10 11 12 14 15 16 17 19 21 22 23 24 25 27 29 | 196.63 140.05 134.20 33.77 43.40 61.04 132.80 124.18 36.80 169.81 144.84 154.57 110.96 127.65 55.80 60.36 112.30 149.00 148.77 109.55 55.98 55.95
219 | 1 2 3 4 5 6 8 10 13 14 15 | 133.40 123.20 109.70 151.60 146.17 110.48 55.99 164.70 47.80 27.60 34.80
220 | 1 2 3 4 6 7 8 9 10 11 12 13 14 16 18 19 20 21 22 24 | 130.16 135.43 28.50 63.84 67.11 31.14 135.43 117.90 57.93 147.18 147.38 110.96 125.43 101.57 55.74 110.48 147.64 147.23 111.37 101.35
221 | 1 2 3 5 6 7 8 9 10 11 12 13 14 16 18 19 20 21 22 24 26 | 135.43 117.90 57.93 67.11 31.14 130.16 135.43 28.50 63.84 110.48 147.64 147.23 111.37 101.35 55.74 145.22 150.63 111.24 125.43 56.02 61.00
222 | 1 2 3 4 6 7 8 9 10 11 12 13 14 16 18 19 20 21 22 24 | 130.16 135.43 28.50 63.84 67.11 31.14 135.43 117.90 57.93 147.18 147.38 110.96 125.43 101.57 55.74 110.48 147.64 147.23 111.37 101.35
223 | 1 2 3 5 6 7 8 9 10 11 12 13 14 16 18 19 20 21 23 | 128.50 127.60 53.80 59.10 36.10 129.50 124.05 28.56 51.30 114.60 145.64 147.69 112.60 56.10 142.80 145.40 110.96 123.70 101.10
224 | 1 2 3 5 6 7 8 9 10 11 12 13 14 16 18 19 20 21 23 25 | 128.50 127.60 53.80 59.10 36.10 129.50 124.05 28.56 51.30 114.60 145.64 147.69 112.60 56.10 144.90 150.10 110.80 123.70 55.70 60.00
225 | 1 2 3 5 6 7 8 9 10 11 12 13 14 17 18 19 20 21 22 24 | 135.43 117.90 57.93 67.11 31.14 130.16 135.43 28.50 63.84 110.48 146.17 145.90 111.37 55.99 55.74 147.08 148.43 110.30 125.43 56.10
226 | 1 2 3 5 6 8 9 10 11 12 13 14 15 17 19 20 21 22 24 26 | 136.62 123.14 53.53 66.45 74.16 129.75 124.35 28.56 51.31 108.20 145.80 145.80 107.40 100.80 149.12 146.95 113.90 121.64 55.70 60.10
227 | 1 2 3 5 6 7 8 9 10 11 12 13 14 17 18 19 20 21 23 | 133.30 123.14 53.80 58.70 36.10 129.40 125.40 28.10 51.30 109.65 145.53 144.10 111.60 55.99 147.08 148.43 110.30 123.70 56.10
228 | 1 2 3 5 6 7 8 9 10 11 12 13 14 16 18 19 20 21 22 24 | 128.50 127.60 53.80 59.10 36.10 129.45 126.57 28.90 51.30 109.33 147.21 147.30 110.27 55.78 55.95 142.80 145.40 110.96 123.70 101.10
229 | 1 2 3 5 6 7 8 9 10 11 12 13 14 17 18 19 20 21 24 | 128.50 127.60 53.80 58.70 36.10 129.40 125.40 28.10 51.30 109.65 145.53 144.10 111.60 55.99 145.22 144.25 118.50 125.43 61.00
230 | 1 2 3 5 6 7 8 9 10 11 12 13 14 16 18 19 20 21 23 | 128.50 127.60 53.80 59.10 36.10 129.50 127.30 28.72 51.30 108.20 145.80 145.40 112.60 100.80 142.80 145.40 110.96 123.70 101.10
231 | 1 2 3 5 6 7 8 9 10 11 12 13 14 15 17 19 20 21 22 23 25 | 135.10 122.75 54.50 63.10 38.40 18.40 128.60 128.50 29.40 51.50 111.30 147.60 147.30 109.00 56.00 55.95 142.80 145.40 107.30 124.10 101.10
232 | 1 2 3 5 6 7 8 9 10 11 12 13 14 15 17 19 20 21 22 24 26 | 135.10 128.60 54.50 63.10 38.40 18.40 128.60 126.95 28.56 51.50 114.60 145.64 147.69 109.53 56.10 150.20 145.10 111.70 124.10 55.70 60.10
233 | 1 2 3 5 6 7 8 9 11 12 13 14 15 16 18 20 21 22 23 24 26 | 142.79 128.40 49.50 57.10 31.90 134.20 130.90 200.95 47.50 14.30 109.55 150.00 147.64 110.48 101.18 40.70 142.80 145.40 107.30 120.10 101.10
234 | 1 2 3 5 6 7 8 9 10 11 12 13 14 17 18 19 20 21 23 25 | 128.50 127.60 53.80 58.70 36.10 129.40 125.40 28.10 51.30 109.65 145.53 144.10 111.60 55.99 144.90 150.10 110.80 123.70 55.70 60.00
235 | 1 2 3 5 6 7 8 9 10 11 12 13 14 16 18 19 20 21 23 | 128.50 127.60 53.80 59.10 36.10 129.50 126.18 28.72 51.30 108.20 145.80 145.40 110.33 100.80 142.80 145.40 110.96 123.70 101.10
236 | 1 2 3 5 6 7 8 9 10 11 12 13 14 16 18 19 20 21 22 24 26 | 128.50 127.60 53.80 59.10 36.10 129.45 126.57 28.90 51.30 109.33 147.21 147.30 110.27 55.78 55.95 144.90 150.10 110.80 123.70 55.70 60.00
237 | 1 2 3 5 6 7 8 9 10 11 12 13 14 15 17 19 20 21 22 24 26 | 135.10 128.60 54.50 63.10 38.40 18.40 128.60 127.60 29.40 51.50 108.20 145.80 145.40 109.53 100.80 150.20 145.10 111.70 124.10 55.70 60.10
238 | 1 2 3 5 6 8 9 10 11 12 13 14 15 17 19 20 21 22 24 | 136.87 123.14 53.53 66.45 74.16 129.75 124.35 28.56 53.90 108.20 145.80 145.80 107.40 100.80 142.80 145.40 113.10 121.64 101.10
239 | 1 2 3 6 7 8 9 10 11 12 13 14 15 17 19 20 21 22 24 | 135.81 112.90 161.51 143.75 110.19 126.38 131.87 28.22 40.10 110.48 147.64 147.23 110.34 101.18 147.18 147.38 110.96 127.86 101.57
240 | 1 2 3 5 6 7 8 9 10 11 12 13 14 16 18 20 21 22 23 24 27 29 | 130.38 127.52 144.26 138.60 124.05 115.30 135.43 27.35 56.55 110.48 149.24 136.01 145.22 61.00 100.96 104.86 155.90 145.22 120.40 62.44 61.00 56.20
241 | 1 2 3 5 6 7 8 9 10 11 12 13 14 16 18 19 20 21 22 24 | 135.43 117.90 57.93 67.11 31.14 130.16 135.43 28.50 63.84 110.48 147.64 147.23 111.37 101.35 55.74 147.18 147.38 110.96 125.43 101.57
242 | 1 2 3 5 6 7 8 9 10 11 12 13 14 15 17 19 20 21 22 23 25 27 | 135.10 128.60 54.50 63.10 38.40 18.40 128.60 128.50 29.40 51.50 111.30 147.60 147.30 109.00 56.00 55.95 150.20 145.10 111.70 124.10 55.70 60.10
243 | 1 2 3 5 6 7 8 9 10 11 12 13 14 15 17 19 20 21 22 24 | 130.38 117.16 145.30 145.88 130.16 18.18 122.30 131.15 27.35 56.55 109.00 150.95 148.75 105.85 101.60 142.70 147.69 121.00 125.50 101.10
244 | 1 2 3 5 6 7 8 9 10 11 12 13 14 15 18 19 20 21 22 24 | 130.38 117.16 145.30 145.88 130.16 18.18 122.30 131.15 27.35 56.55 110.48 146.17 145.90 111.37 55.99 142.70 147.69 121.00 125.50 101.10
245 | 1 2 3 5 6 7 8 9 10 11 12 13 14 15 17 19 20 21 22 23 25 | 130.38 117.16 138.16 137.77 130.16 18.18 127.52 133.40 118.73 127.30 106.04 151.88 150.94 104.86 55.97 55.79 142.70 147.69 121.00 125.50 101.10
246 | 1 2 3 5 6 7 8 9 10 11 12 13 14 15 17 19 20 21 22 23 25 27 | 130.38 117.16 145.30 145.88 130.16 18.18 122.30 131.15 27.35 56.55 110.48 148.97 148.24 105.85 56.00 55.95 147.95 147.70 121.00 125.50 56.86 62.45
247 | 1 2 3 5 6 7 8 9 10 11 12 13 14 16 18 19 20 21 24 | 134.05 120.90 145.30 138.60 124.05 122.30 131.15 27.35 56.55 114.60 145.64 147.69 105.85 56.10 145.02 146.68 118.90 129.72 61.30
248 | 1 2 3 4 5 7 8 9 10 11 12 13 14 16 19 20 21 22 23 25 27 28 | 56.84 131.09 137.23 30.35 58.78 51.30 28.30 124.10 129.11 145.22 136.01 149.24 110.48 100.96 61.00 126.97 145.22 148.96 106.84 55.93 61.00 56.45
249 | 1 2 3 4 5 7 8 9 10 11 12 13 14 16 18 19 20 21 22 24 26 | 57.93 117.90 135.43 31.14 67.11 63.84 28.50 135.43 130.16 111.37 147.23 147.64 110.48 101.35 55.74 125.43 111.24 150.63 145.22 61.00 56.02
250 | 1 2 3 4 5 6 7 8 9 10 11 12 14 17 18 19 20 21 24 | 119.45 130.00 35.90 62.90 120.10 125.70 143.96 150.20 115.90 128.80 28.30 52.96 43.75 59.96 119.00 111.00 149.35 143.95 55.85
251 | 1 2 3 5 6 7 8 9 10 11 12 13 14 16 18 19 20 21 22 23 25 | 135.43 117.90 57.93 67.11 31.14 130.16 135.43 28.50 63.84 110.48 148.97 148.24 111.37 56.00 55.95 55.74 147.18 147.38 110.96 125.43 101.57
252 | 1 2 3 5 6 7 8 9 10 11 12 13 14 16 18 20 21 22 23 24 26 29 | 137.23 131.09 56.84 67.38 30.35 129.11 124.10 28.30 51.30 110.48 149.24 136.01 145.22 61.00 100.96 106.84 148.96 145.22 126.97 65.13 92.78 55.93
253 | 1 2 3 5 6 7 8 9 10 11 12 13 14 17 18 19 20 21 23 25 | 133.40 127.52 144.26 138.60 124.05 122.30 131.15 27.35 56.55 110.48 146.17 145.90 111.37 55.99 104.86 150.94 151.88 106.04 55.79 55.97
254 | 1 2 3 5 6 7 8 9 10 11 12 13 14 16 18 19 20 21 22 24 | 128.50 127.60 53.80 59.10 36.10 129.45 126.57 28.90 51.30 109.33 147.21 147.30 110.27 55.78 55.95 142.80 145.40 110.96 123.70 101.10
255 | 1 2 3 5 6 7 9 10 11 12 13 14 15 16 18 20 22 23 24 25 26 28 30 | 141.76 121.05 62.61 89.66 75.24 23.80 147.92 135.43 28.30 49.48 110.48 148.97 148.24 111.37 56.00 55.95 72.97 145.22 150.63 110.96 125.59 56.02 61.00
256 | 1 2 3 5 6 7 8 9 10 11 12 13 14 16 18 19 20 21 22 24 26 | 128.50 127.60 53.80 59.10 36.10 129.45 126.57 28.90 51.30 109.33 147.21 147.30 110.27 55.78 55.95 144.90 150.10 110.80 123.70 55.70 60.00
257 | 1 2 3 5 6 7 8 9 10 11 12 13 14 16 18 19 20 21 24 | 134.05 120.90 145.30 137.00 124.05 120.90 130.20 25.80 54.70 107.90 149.30 147.20 104.90 101.60 145.02 146.68 118.90 129.72 61.30
258 | 1 2 3 4 5 6 7 8 9 10 11 12 13 14 16 18 19 21 22 | 126.40 126.70 127.60 131.70 128.70 127.30 116.60 130.38 122.10 125.20 133.63 111.37 146.49 145.02 61.30 31.87 60.20 45.25 45.25
259 | 1 2 3 4 5 6 8 10 11 14 15 | 134.00 122.00 106.86 148.24 148.97 110.48 55.95 56.00 166.60 40.30 28.50
260 | 1 2 3 4 5 6 7 8 9 10 12 13 14 15 16 17 19 21 22 23 24 25 27 31 | 126.40 126.70 127.70 135.90 131.60 127.30 126.30 128.10 61.90 34.80 53.02 29.12 127.53 110.48 149.00 144.14 60.98 103.50 72.20 72.00 73.60 71.12 17.00 43.75
261 | 1 2 3 4 5 6 7 8 10 11 12 13 14 15 16 17 18 20 22 24 26 | 111.70 145.10 150.20 128.60 135.10 124.10 38.40 63.10 54.50 51.50 29.40 127.47 128.20 112.62 144.73 146.35 111.41 55.99 18.40 60.10 55.70
262 | 1 2 3 4 5 6 7 8 9 10 12 13 14 15 16 17 19 21 22 24 | 145.90 146.00 107.80 130.40 125.10 106.40 126.40 126.20 62.10 34.90 53.02 28.95 127.00 110.60 151.40 144.00 59.75 55.67 43.75 100.40
263 | 1 3 4 5 6 7 8 9 10 12 14 16 | 164.70 123.20 106.86 148.24 148.97 110.48 133.40 27.60 47.80 34.80 55.95 56.00
264 | 1 2 3 4 5 6 7 9 10 11 12 13 14 15 16 17 19 21 23 25 | 146.90 147.60 111.80 127.40 130.40 111.20 54.90 40.35 24.90 42.20 131.40 122.30 109.30 146.97 147.40 112.30 55.77 55.60 55.95 55.78
265 | 1 2 3 4 5 6 7 8 9 10 11 12 13 14 17 18 20 22 23 24 25 26 27 30 31 32 33 34 36 37 38 39 40 41 | 149.00 145.40 130.90 127.00 118.77 110.96 20.40 58.40 40.70 43.00 91.30 66.40 133.30 128.30 35.80 46.25 42.85 156.07 124.18 139.20 146.30 147.18 100.37 91.40 43.00 40.65 57.80 30.21 46.25 35.70 42.85 128.30 133.30 66.40
266 | 1 2 3 4 5 6 7 8 9 10 11 12 13 15 16 17 19 20 21 22 23 24 25 26 27 28 29 30 31 32 34 36 38 39 40 41 43 45 46 47 48 49 51 54 | 147.75 147.25 104.05 127.80 126.60 100.50 140.90 124.50 120.20 123.90 137.31 121.05 67.38 35.28 43.58 210.45 40.10 58.78 121.64 137.31 124.50 120.20 123.90 127.80 104.05 147.25 147.75 100.50 126.60 140.90 35.28 101.05 127.97 110.96 150.63 145.22 61.00 56.02 147.18 147.38 110.96 127.97 101.57 101.05
267 | 1 2 3 4 5 6 7 8 9 10 11 12 13 15 16 17 19 20 21 22 23 24 25 26 27 28 29 30 31 32 34 36 38 39 40 41 43 45 46 47 48 49 51 54 | 147.75 147.25 104.05 127.80 126.60 100.50 140.90 124.50 120.20 123.90 137.31 121.05 67.38 35.28 43.58 210.45 43.58 67.38 121.05 137.31 124.50 120.20 123.90 127.80 104.05 147.25 147.75 100.50 126.60 140.90 35.28 101.05 127.97 110.96 150.63 145.22 61.00 56.02 147.18 147.38 110.96 127.97 101.57 101.05
268 | 1 2 3 4 5 6 7 8 9 10 11 12 13 15 16 17 19 20 21 22 23 24 26 27 28 29 30 31 32 33 34 36 38 39 40 41 43 45 46 47 48 50 53 | 147.75 147.25 104.05 127.80 126.60 100.50 140.90 124.50 120.20 123.90 137.31 121.05 58.78 35.28 40.10 210.45 43.58 67.38 129.77 137.31 124.50 140.90 35.28 126.60 127.80 123.90 120.20 104.05 147.25 147.75 100.50 101.05 109.89 147.15 145.40 112.60 101.18 147.18 147.38 110.96 127.97 101.57 101.05
269 | 1 2 3 4 5 6 7 8 9 10 11 12 14 16 18 19 20 21 23 25 | 124.35 129.35 34.60 62.33 125.36 120.89 143.95 146.53 110.70 127.53 29.12 53.02 43.75 56.29 110.50 148.20 147.60 111.20 56.05 55.95
270 | 1 2 3 4 5 6 7 8 9 10 12 13 14 17 18 19 20 21 23 25 27 | 145.40 147.90 109.40 128.60 131.55 108.27 69.80 40.51 74.14 33.16 141.61 112.90 161.51 31.52 147.18 147.38 110.96 127.86 101.57 21.79 100.80
271 | 1 2 3 4 5 6 7 8 10 11 12 13 14 15 16 20 22 23 25 26 28 30 | 148.97 146.95 112.80 132.87 135.43 110.48 45.70 193.00 133.15 127.28 107.70 149.10 144.50 108.89 172.53 103.30 32.98 60.20 45.25 45.25 55.95 55.95
272 | 1 2 3 4 5 6 7 8 10 11 12 13 14 15 16 20 22 23 25 26 28 | 147.64 147.64 110.48 132.87 135.43 110.48 45.70 193.00 133.15 127.28 107.70 149.10 144.50 108.89 172.53 103.30 32.98 60.20 45.25 45.25 101.35
273 | 1 2 3 4 5 6 7 9 10 11 12 13 14 15 18 19 20 21 23 25 27 | 145.80 145.80 108.20 125.30 130.00 107.40 66.20 50.40 29.20 45.00 81.80 141.10 119.30 168.00 147.60 152.30 118.40 118.10 56.79 62.20 100.80
274 | 1 2 3 4 5 6 7 8 10 11 12 13 14 15 16 17 18 20 23 | 145.64 147.69 106.84 125.90 132.40 114.60 36.10 58.78 56.84 51.30 28.30 126.30 121.05 147.08 148.43 110.30 124.30 56.10 56.10
275 | 1 2 3 4 5 6 7 9 10 11 12 13 14 15 18 19 20 21 23 27 | 147.69 145.64 114.60 127.39 129.75 111.70 66.45 50.40 25.63 45.00 84.90 140.80 110.30 167.20 144.50 149.10 113.10 115.50 103.30 56.10
276 | 1 2 3 4 5 6 7 9 10 11 12 13 14 15 18 19 20 21 23 26 28 | 147.20 148.20 111.30 123.40 129.50 110.70 66.70 50.40 26.50 45.00 84.90 140.80 110.30 167.20 144.50 149.10 113.10 115.50 103.30 55.95 55.90
277 | 1 2 3 4 5 6 7 8 9 10 13 14 15 16 17 18 21 22 24 26 | 154.10 148.77 109.55 133.15 127.70 108.80 110.17 127.52 145.88 189.81 142.20 121.80 133.40 106.04 149.00 147.08 56.13 47.70 55.98 56.05
278 | 1 2 3 4 5 6 7 9 10 11 12 13 14 15 16 17 20 22 | 149.70 152.00 104.90 133.00 123.67 103.80 158.56 141.34 118.30 41.70 130.70 130.20 116.30 157.40 116.30 130.20 56.34 56.30
279 | 1 2 3 4 5 6 7 9 10 11 12 14 15 16 17 18 19 20 22 25 27 | 146.90 149.00 112.30 134.20 130.90 112.60 193.00 45.70 128.90 128.40 49.50 57.10 31.90 40.70 142.80 145.40 110.96 127.10 101.10 55.95 55.98
280 | 1 2 3 4 5 6 7 9 10 11 12 13 14 15 16 17 18 19 23 26 | 145.40 145.80 108.20 127.30 129.80 112.60 64.50 49.50 26.90 43.10 44.30 135.43 125.43 110.96 149.10 144.50 108.89 172.53 103.30 100.80
281 | 1 2 3 4 5 6 8 10 11 13 14 15 16 17 20 21 22 23 25 27 | 129.75 125.30 108.20 145.80 145.80 107.40 100.80 29.20 50.40 66.45 81.23 151.21 126.68 95.87 147.18 147.38 113.10 121.64 101.57 45.00
282 | 1 2 3 4 5 6 7 8 9 10 11 13 14 15 16 17 19 21 24 | 146.17 145.90 106.15 130.70 129.20 110.48 32.70 60.50 161.40 118.70 181.30 151.10 122.10 41.40 40.80 45.40 42.20 54.90 55.99
283 | 1 3 4 5 6 7 8 10 12 14 16 17 18 19 20 21 22 23 25 27 | 172.53 108.89 133.15 127.28 107.70 149.10 144.50 103.30 187.01 153.30 139.70 120.90 133.60 122.50 103.80 150.70 152.90 104.60 55.79 56.30
284 | 1 2 3 4 5 6 7 9 10 11 12 14 15 16 17 18 19 20 22 25 | 128.38 109.50 147.20 146.30 110.12 138.43 68.40 48.10 29.10 40.95 200.58 120.09 145.14 39.41 125.43 110.96 147.38 147.18 101.57 101.10
285 | 1 2 3 4 5 6 7 9 10 11 12 13 14 15 16 17 18 19 21 24 26 29 | 129.50 110.48 146.17 145.90 112.50 124.50 68.15 48.10 29.10 40.95 79.90 129.00 145.14 39.41 125.43 110.96 147.38 147.18 101.57 170.18 21.08 55.99
286 | 1 2 3 4 5 6 7 8 9 10 11 12 13 15 16 17 18 19 21 23 24 25 28 32 | 147.80 152.50 110.96 125.43 145.14 122.00 45.44 68.40 39.41 124.50 129.50 29.10 49.48 40.95 109.50 147.20 146.30 109.40 101.10 110.17 144.00 162.95 170.27 101.00
287 | 1 2 3 4 5 6 7 8 9 10 11 13 14 15 16 17 19 21 23 | 145.64 145.10 105.50 130.70 129.20 114.60 32.70 60.50 161.40 118.70 181.30 151.10 122.10 41.40 40.80 45.40 42.20 54.90 56.10
288 | 1 2 3 4 5 6 8 10 11 13 14 15 16 17 18 19 20 21 23 25 28 29 | 125.70 138.51 125.43 110.96 147.38 147.18 101.57 24.69 53.34 111.78 132.01 114.12 130.16 128.01 109.87 147.23 147.23 111.37 101.35 167.35 52.38 42.19
289 | 1 2 3 4 5 6 7 8 9 11 12 13 14 15 16 18 19 22 | 145.22 147.09 115.03 128.80 122.00 133.07 50.50 46.70 65.20 54.67 28.19 43.30 152.75 127.20 185.50 127.20 152.75 61.00
290 | 1 2 3 4 5 6 7 8 9 10 11 12 13 14 16 18 19 20 22 23 25 27 | 149.60 152.86 106.04 131.75 130.53 101.81 117.70 130.38 122.10 125.38 133.63 113.10 143.00 145.02 61.30 56.85 31.87 60.20 45.25 45.25 55.79 56.08
291 | 1 2 3 4 5 6 8 9 10 11 13 14 15 16 17 18 20 22 24 | 149.35 110.80 118.70 129.60 119.90 143.90 125.40 130.00 53.80 38.10 42.50 29.00 130.10 111.50 151.20 141.80 62.00 55.67 55.85
292 | 1 2 3 4 5 6 8 10 11 12 13 14 15 16 17 18 21 | 148.43 110.30 124.30 126.30 121.64 147.08 52.20 41.32 27.94 41.70 128.80 131.30 116.60 158.20 116.60 131.30 56.10
293 | 1 2 3 4 5 6 7 8 9 10 12 13 14 15 16 17 19 21 | 126.40 126.70 127.70 135.90 131.60 127.30 124.28 126.80 54.19 37.30 42.50 29.00 130.10 111.50 151.40 144.30 59.75 55.67
294 | 1 2 3 4 5 6 7 8 9 10 11 12 13 15 16 17 18 19 21 23 25 27 29 | 147.18 147.38 110.96 125.43 145.14 129.00 78.86 68.15 39.41 124.50 129.50 29.10 48.10 40.95 110.47 148.37 147.80 109.40 56.37 55.95 170.18 21.08 101.57
295 | 1 2 3 4 5 6 7 8 9 10 13 14 15 16 17 18 20 22 24 26 | 154.10 149.40 109.10 125.00 127.70 108.80 113.65 122.20 143.70 181.85 143.45 123.80 135.65 106.04 155.90 152.10 60.60 56.20 55.98 56.05
296 | 1 2 3 4 5 6 8 10 11 13 15 | 123.20 133.40 106.70 150.00 146.50 107.70 101.40 27.60 47.80 164.70 34.80
297 | 1 2 3 4 5 6 7 9 10 11 12 13 14 15 16 17 19 21 23 25 | 149.70 152.00 104.90 133.00 122.50 103.80 157.40 140.60 118.30 42.00 131.90 120.10 110.50 148.10 148.60 111.50 55.77 55.60 56.34 56.30
298 | 1 2 3 4 5 6 7 9 10 11 12 13 14 15 16 17 18 20 23 | 145.40 145.80 108.20 127.30 129.50 112.60 59.05 51.30 28.72 53.80 127.60 128.50 36.10 123.70 110.96 145.40 142.80 101.10 100.80
299 | 1 2 3 4 5 6 7 9 10 11 12 13 14 15 16 17 18 19 21 24 | 145.40 145.80 108.20 127.60 128.60 109.53 63.10 51.50 29.40 54.50 122.75 135.10 38.40 18.40 124.10 107.30 145.40 142.80 101.10 100.80
300 | 1 2 3 4 5 6 7 9 11 12 13 15 16 17 18 19 20 21 23 25 27 | 150.00 147.64 110.48 134.20 130.90 109.55 188.21 188.21 130.90 132.28 50.70 57.10 31.90 40.70 106.84 146.93 148.77 109.55 55.98 55.47 101.18
301 | 1 2 3 4 5 6 7 8 9 10 11 12 13 15 17 18 19 20 21 23 26 | 147.30 147.25 103.70 129.70 126.60 100.20 139.00 124.50 120.20 123.90 137.31 116.20 88.79 39.30 52.50 138.30 147.38 110.96 127.97 101.57 101.05
302 | 1 2 3 4 5 6 7 9 10 11 12 13 14 15 16 17 18 20 22 26 | 145.80 145.80 108.20 125.30 130.00 107.40 66.20 50.40 29.20 45.00 84.90 140.80 110.30 144.50 149.10 113.10 115.50 103.30 167.20 100.80
303 | 1 2 3 4 5 6 7 8 9 10 11 13 14 15 16 18 20 21 23 25 | 154.40 147.64 110.48 135.43 131.27 107.00 157.88 116.31 141.80 116.77 146.40 142.70 147.69 117.91 129.72 101.10 38.55 50.59 36.07 101.18
304 | 1 3 4 5 6 7 8 9 10 12 14 15 16 17 18 19 21 23 | 157.88 151.90 128.70 125.27 116.31 142.70 147.69 117.91 124.47 101.10 131.27 126.97 147.18 147.38 110.96 127.20 101.57 56.45
305 | 1 2 3 4 5 7 8 9 10 11 12 13 14 16 18 19 20 21 22 24 27 | 85.09 38.90 145.14 125.15 62.37 56.65 33.77 138.51 146.41 111.37 145.90 146.17 110.48 55.99 42.64 147.18 147.38 110.96 125.43 101.57 51.91
306 | 1 2 3 4 5 6 7 8 10 11 12 14 15 16 17 18 19 21 24 27 | 146.17 145.90 111.37 146.41 138.51 110.48 33.77 56.65 62.37 85.09 197.50 120.09 131.87 127.65 110.96 147.38 147.18 101.57 42.64 55.99
307 | 1 2 3 4 5 6 8 10 12 13 14 15 17 18 19 21 22 23 24 26 | 147.64 110.48 135.43 147.92 111.37 147.23 101.35 86.12 49.48 28.30 35.95 195.10 133.15 126.97 65.13 147.18 147.38 107.70 127.28 101.57
308 | 1 2 3 4 5 6 8 10 12 13 14 15 16 17 18 19 20 21 22 24 26 27 28 31 | 129.50 124.50 109.40 146.30 147.20 109.50 101.10 68.40 49.48 29.10 40.95 45.44 132.07 145.14 39.41 125.43 110.96 152.50 147.80 101.00 110.17 144.00 162.95 170.27
309 | 1 2 4 5 6 7 8 9 10 11 12 13 14 15 16 17 19 22 24 | 126.67 62.25 52.96 28.30 128.80 115.90 150.20 143.96 124.28 124.35 130.40 34.90 107.80 146.00 145.90 106.40 100.40 59.96 43.75
310 | 1 2 3 4 5 6 7 9 10 11 12 15 16 17 18 19 20 21 23 26 | 150.00 147.64 110.48 134.20 130.90 109.55 193.00 45.70 133.51 114.80 166.21 53.30 31.80 34.10 147.18 147.38 110.96 125.43 101.57 101.18
311 | 1 2 3 4 5 6 7 9 10 12 14 15 16 17 18 19 20 21 22 25 27 29 31 | 145.22 155.90 104.86 127.52 130.38 120.40 62.44 124.05 138.60 130.90 55.25 56.55 27.35 135.43 115.30 145.22 137.88 152.36 114.60 61.43 61.00 56.20 61.00
312 | 1 2 3 4 5 6 8 9 10 11 12 14 15 16 17 18 19 21 | 144.25 118.50 125.43 129.80 120.89 143.96 59.96 125.70 130.00 53.80 38.10 42.50 29.00 130.10 106.10 146.60 141.70 100.20
313 | 1 2 3 4 5 6 7 8 9 10 11 12 13 14 15 16 18 19 22 24 | 125.43 111.24 150.63 147.18 139.20 135.43 31.14 75.82 128.70 129.76 95.80 152.30 89.00 48.43 29.30 63.84 48.45 48.45 54.70 56.20
314 | 1 2 3 4 5 6 7 8 10 11 12 13 14 15 16 17 19 22 24 26 | 153.62 150.75 103.50 122.30 137.30 105.62 120.20 133.30 156.30 82.07 136.35 126.68 107.92 147.49 147.69 101.80 101.07 58.14 56.30 56.34
315 | 1 2 3 4 5 6 7 8 10 11 12 13 14 15 16 17 19 21 23 25 27 | 153.62 150.75 103.50 122.30 137.30 105.62 120.20 133.30 156.30 82.07 136.35 126.68 110.96 148.79 148.93 101.80 55.83 55.60 58.14 56.30 56.34
316 | 1 2 3 4 5 6 7 8 9 10 11 12 14 15 17 18 20 22 | 118.77 111.24 150.63 147.18 139.20 127.60 24.40 57.80 42.33 48.43 78.93 197.80 132.13 129.43 40.80 46.20 42.50 56.20
317 | 1 2 3 4 5 6 7 9 11 12 13 14 15 16 18 19 20 21 22 24 | 62.70 125.40 128.60 109.40 147.90 145.00 111.80 100.80 39.50 72.20 41.80 131.10 116.90 53.80 42.30 142.80 145.40 107.30 120.30 101.10
318 | 1 2 3 4 5 7 9 10 11 13 15 16 17 18 20 22 23 24 25 27 | 132.70 109.75 135.17 140.05 200.58 61.21 37.21 121.60 147.18 171.63 136.01 148.31 110.96 127.86 101.17 109.55 150.00 147.32 109.12 101.35
319 | 1 2 3 4 5 6 7 8 9 10 11 12 13 15 16 17 18 19 22 25 | 148.70 148.73 106.04 133.40 127.52 104.86 137.77 127.52 124.47 125.38 119.30 117.16 144.26 45.30 142.70 147.69 100.10 174.60 101.10 101.57
320 | 1 2 3 4 5 6 7 8 9 10 12 13 14 16 17 18 19 20 22 24 27 | 148.70 148.70 101.60 125.27 127.52 104.86 137.77 127.52 104.86 154.99 119.30 117.16 144.26 45.30 142.70 147.69 100.10 154.33 56.07 101.10 101.57
321 | 1 2 3 4 5 6 7 8 9 10 12 13 14 16 17 18 19 20 22 24 27 | 147.75 148.70 101.60 125.27 124.78 100.50 142.80 126.04 111.37 155.20 120.89 123.14 52.89 40.80 142.80 147.15 95.50 155.45 56.35 101.57 101.57
322 | 1 2 4 5 6 7 8 9 10 12 14 15 16 17 18 19 20 21 22 24 26 | 130.16 145.88 145.30 117.16 130.38 125.50 121.00 147.70 147.95 62.45 56.86 56.55 27.35 131.15 122.30 111.37 145.90 146.17 110.48 55.99 18.18
323 | 1 2 3 4 5 6 8 9 11 13 14 15 17 18 19 20 21 22 23 25 27 29 | 136.01 149.24 110.48 133.51 120.61 150.54 61.70 188.21 188.21 130.90 128.40 49.50 57.10 31.80 40.70 149.12 146.95 110.97 127.28 55.70 60.10 100.96
324 | 1 2 3 4 5 6 8 9 11 12 13 14 16 17 18 19 20 21 22 24 26 28 | 136.01 149.24 110.48 133.51 120.61 150.54 61.70 193.00 45.70 128.90 128.40 49.50 57.10 31.80 40.70 151.10 147.10 110.30 127.10 55.70 60.30 100.96
325 | 1 2 3 5 6 7 9 11 13 14 15 16 18 19 20 21 22 23 25 | 116.60 128.85 143.18 143.18 131.89 148.41 156.60 174.80 133.15 127.28 110.97 150.63 56.02 34.31 135.91 148.41 107.90 126.42 56.34
326 | 1 2 4 5 6 7 9 10 11 12 13 14 16 18 19 20 21 22 24 | 123.95 143.18 144.80 125.15 59.05 36.50 55.19 67.30 136.87 121.64 113.90 148.90 55.00 42.64 135.91 148.41 106.50 129.46 56.34
327 | 1 2 3 4 5 6 7 8 9 10 11 12 13 15 16 17 19 20 21 22 23 25 28 | 147.75 147.25 104.05 127.80 126.60 100.50 140.90 124.50 120.20 123.90 137.31 121.05 67.38 35.28 43.58 206.60 30.40 147.18 147.38 110.96 127.97 101.57 101.05
328 | 1 2 3 4 5 6 7 8 10 11 12 13 14 15 16 17 18 20 23 25 | 110.80 150.10 144.90 127.60 128.50 123.70 36.10 59.10 53.80 51.30 28.72 127.30 129.50 112.60 145.40 145.80 108.20 100.80 60.00 55.70
329 | 1 2 3 4 5 6 7 8 10 11 12 13 14 15 16 17 19 21 22 23 24 25 26 27 29 30 31 32 33 34 35 37 | 148.24 148.28 106.84 125.90 125.20 111.25 28.30 49.48 52.89 54.30 132.90 109.20 148.28 154.47 111.55 122.00 56.08 71.23 136.60 127.45 128.40 127.67 128.40 127.45 71.23 136.60 127.45 128.40 127.67 128.40 127.45 56.00
330 | 1 2 3 4 5 6 8 9 10 11 12 13 14 17 18 20 22 25 26 27 29 | 150.63 111.24 125.43 135.43 112.90 145.22 145.22 135.91 148.41 110.96 130.68 115.00 169.24 61.47 14.14 56.34 161.51 48.00 28.30 34.95 56.02
331 | 1 2 3 4 5 6 8 9 10 11 12 13 14 17 18 20 22 23 26 27 28 30 | 150.63 111.24 125.43 135.43 112.90 145.22 145.22 139.90 156.09 107.90 130.68 115.00 169.24 61.47 14.14 56.26 61.18 161.51 48.00 28.30 34.95 56.02
332 | 1 2 3 4 5 6 8 9 10 11 12 13 14 17 18 20 22 25 26 27 29 | 150.63 111.24 125.43 135.43 112.90 145.22 145.22 136.01 148.31 110.96 130.68 115.00 169.24 61.47 14.14 101.17 161.51 48.00 28.30 34.95 56.02
333 | 1 2 3 4 5 6 7 8 9 10 13 14 15 17 18 19 20 21 23 26 | 145.40 147.18 104.72 136.62 131.55 108.27 62.70 42.27 75.73 72.40 131.10 116.90 53.80 42.30 142.80 145.40 107.30 120.30 101.10 101.35
334 | 1 2 3 4 5 6 7 8 9 10 11 12 13 15 16 17 19 20 21 22 23 24 25 26 27 28 29 30 31 32 34 36 38 39 40 41 43 45 46 47 48 50 53 | 147.75 147.25 104.05 127.80 126.60 100.50 140.90 124.50 120.20 123.90 137.31 121.05 67.38 35.28 40.10 210.45 40.10 58.78 121.64 137.31 124.50 120.20 123.90 127.80 104.05 147.25 147.75 100.50 126.60 140.90 35.28 101.05 127.97 110.96 147.38 147.18 101.57 147.18 147.38 110.96 127.97 101.57 101.05
335 | 1 2 4 5 6 7 9 10 11 12 13 14 17 18 19 20 21 23 | 118.30 148.40 143.18 125.15 59.05 36.50 52.98 67.30 136.62 121.64 115.40 144.25 42.64 96.91 148.29 144.80 114.49 101.30
336 | 1 2 3 4 5 6 7 8 10 11 12 13 14 15 16 17 18 21 22 24 | 115.40 144.25 145.22 122.75 135.10 124.59 38.40 63.10 54.50 51.50 28.56 127.39 128.60 110.33 147.69 145.64 114.60 56.10 18.40 61.00
337 | 1 2 3 4 5 6 7 8 9 11 12 13 14 16 17 18 19 20 23 26 | 147.18 147.38 107.70 127.28 136.49 126.72 70.10 68.40 199.79 138.43 128.38 29.10 48.10 40.95 110.48 146.17 145.90 112.50 55.99 101.57
338 | 1 2 3 4 5 6 7 8 10 11 12 13 14 15 16 17 18 19 21 23 25 | 145.64 147.69 110.33 132.80 134.50 114.60 37.30 53.60 59.70 20.30 48.15 30.13 126.68 130.62 108.97 147.62 146.96 111.54 55.95 55.78 56.10
339 | 1 2 3 4 5 6 8 10 11 13 14 15 16 17 18 19 20 22 24 27 | 129.88 126.18 108.20 145.80 145.40 110.33 100.80 25.20 47.07 64.80 44.30 135.43 108.89 144.50 149.10 110.96 125.43 103.30 172.53 42.33
340 | 1 2 3 4 5 6 8 10 12 13 15 17 | 116.20 135.43 110.48 149.24 136.01 145.22 61.00 100.96 28.30 45.50 81.15 43.10
341 | 1 2 3 4 5 6 8 9 10 11 13 14 15 16 17 18 20 22 24 26 | 149.35 111.00 119.00 130.00 119.45 143.95 125.70 127.11 62.20 35.90 52.98 67.30 136.62 104.72 148.96 142.00 62.00 55.93 42.64 55.85
342 | 1 2 3 4 5 6 7 8 9 10 11 12 15 16 17 19 20 21 24 | 148.00 145.64 114.60 140.30 139.07 109.89 121.04 140.30 125.43 110.30 149.35 143.95 55.85 32.98 57.10 57.10 32.98 43.20 56.60
343 | 1 2 3 4 5 6 7 8 10 11 12 13 14 15 16 17 18 19 21 25 | 148.43 147.08 118.13 135.43 125.43 110.30 32.98 60.20 45.25 45.25 133.66 129.00 130.97 111.85 146.10 147.30 112.00 119.05 55.55 56.10
344 | 1 2 3 4 5 6 7 8 9 10 12 13 14 15 16 17 19 21 22 24 26 | 149.60 152.86 106.04 133.40 134.00 101.81 117.70 121.50 147.25 113.70 140.33 103.78 127.86 119.40 143.00 145.02 61.30 56.85 41.97 55.79 56.08
345 | 1 2 3 4 5 6 7 8 10 11 12 13 14 15 16 17 19 21 23 24 25 26 28 30 | 149.43 150.75 103.50 124.40 132.69 104.86 110.67 149.35 158.14 42.00 131.90 120.77 108.60 149.60 146.80 107.90 101.46 133.94 128.24 108.68 109.42 35.78 56.30 56.00
346 | 1 2 3 4 5 6 7 8 9 10 12 13 14 15 16 17 19 21 22 24 | 151.34 147.25 106.04 133.40 134.00 101.81 119.30 127.52 147.25 113.70 49.48 29.70 133.63 113.10 143.00 145.02 61.30 56.85 39.73 101.30
347 | 1 2 3 4 5 6 7 8 9 10 12 13 14 15 16 17 20 21 23 | 145.90 146.00 107.80 129.35 124.35 106.40 120.89 125.36 62.33 34.60 53.02 29.12 127.53 110.70 146.53 143.95 56.29 43.75 100.40
348 | 1 2 3 4 5 6 7 10 11 12 13 14 15 16 17 18 19 21 22 24 27 | 147.18 147.38 110.96 128.41 134.68 117.65 169.24 152.45 119.80 135.81 109.12 147.32 147.50 109.90 132.50 32.98 60.20 45.25 45.25 101.30 101.57
349 | 2 3 4 5 6 7 8 9 10 12 13 15 | 168.44 128.01 109.87 147.23 147.64 110.48 135.43 32.98 60.20 45.25 45.25 101.18
350 | 1 2 3 4 5 6 7 8 9 10 11 12 13 15 16 17 18 19 22 25 | 147.18 147.38 110.96 125.43 145.14 129.00 70.10 68.40 39.41 138.43 128.38 29.10 48.10 40.95 110.48 146.17 145.90 112.50 55.99 101.57
351 | 1 2 3 4 5 6 7 8 9 10 12 13 14 16 17 18 19 20 22 24 26 | 145.00 147.90 109.40 128.60 125.40 111.80 62.70 41.80 72.20 39.50 131.10 122.75 53.80 42.30 150.20 145.10 111.70 120.30 55.70 60.10 100.80
352 | 2 3 4 5 6 7 8 9 10 13 14 15 16 18 20 21 22 23 25 27 | 50.40 29.20 125.30 129.75 66.45 81.23 143.47 126.68 95.87 147.18 147.38 113.10 121.64 101.57 107.40 145.80 145.80 108.20 100.80 45.00
353 | 1 2 3 4 5 6 7 8 10 11 12 13 14 15 16 17 18 20 22 24 | 114.60 145.64 147.69 110.33 128.60 127.39 28.56 51.50 63.10 38.40 135.10 122.75 54.50 142.80 145.40 107.30 124.10 101.10 18.40 56.10
354 | 1 2 3 4 5 6 8 9 10 11 12 13 14 17 19 21 22 25 26 27 29 | 150.63 111.24 125.43 135.43 112.90 145.22 145.22 139.90 156.09 107.90 130.68 115.00 168.10 52.25 56.26 61.18 161.51 48.00 28.30 34.95 56.02
355 | 1 2 3 4 5 6 7 8 10 11 12 13 14 16 17 18 21 22 | 139.30 143.50 131.50 129.60 130.00 113.80 26.90 55.00 60.30 48.40 43.50 37.40 105.00 75.50 28.80 33.30 49.40 43.40
356 | 1 2 3 4 5 6 7 8 9 10 11 12 14 17 18 19 20 22 24 | 124.35 129.35 34.60 62.33 125.36 120.89 147.08 143.97 114.60 128.80 28.30 52.96 43.75 110.50 148.20 147.60 111.20 56.05 55.95
357 | 1 3 4 5 6 7 8 9 10 12 13 14 15 16 22 23 24 25 26 27 28 29 31 | 47.80 64.70 129.88 126.03 25.52 111.48 148.24 148.19 110.33 103.60 74.70 77.40 71.10 66.90 56.00 40.40 131.44 130.47 114.91 156.65 114.91 130.47 42.39
358 | 1 2 3 4 5 6 7 9 10 11 12 13 14 15 16 17 18 21 23 25 | 146.69 147.21 112.24 125.80 130.60 110.65 65.50 46.63 26.90 42.27 40.77 132.80 121.77 112.40 147.05 146.35 115.88 55.55 55.95 55.78
359 | 1 2 3 4 5 6 7 9 10 11 12 13 14 15 16 17 18 20 22 24 26 | 146.69 147.21 112.24 125.80 130.60 110.65 65.50 46.63 26.90 42.27 40.40 130.60 121.50 110.70 146.97 148.30 110.75 55.77 55.60 55.95 55.78
360 | 1 2 3 4 5 6 8 9 10 11 12 13 14 15 17 18 19 21 22 24 | 148.43 110.30 125.43 135.43 118.13 147.08 133.66 128.68 129.48 128.08 113.92 160.56 113.92 128.08 56.57 32.98 60.20 45.25 45.25 56.10
361 | 1 2 3 4 5 6 7 8 9 10 12 13 14 15 16 17 19 21 22 24 | 145.90 146.17 110.48 129.35 124.35 108.60 126.40 126.20 62.10 34.60 53.02 28.95 127.00 110.60 151.40 144.00 59.75 55.67 43.75 55.99
362 | 1 2 3 4 5 6 7 8 10 11 12 13 14 15 16 17 19 21 23 24 25 26 28 30 | 149.68 150.94 103.50 124.40 130.38 103.37 123.30 149.35 158.14 42.00 131.90 120.77 108.60 149.60 146.80 107.90 101.46 66.90 57.20 22.90 34.00 40.80 55.97 55.99
363 | 1 2 3 4 5 6 7 8 10 11 13 14 15 16 17 18 19 20 22 25 | 145.64 147.69 110.33 132.80 134.50 114.60 36.10 58.78 62.61 61.45 48.15 28.30 126.30 121.05 147.08 148.43 110.30 124.30 56.10 56.10
364 | 1 2 3 4 5 6 7 8 10 11 12 13 14 16 17 18 21 22 24 | 148.96 145.22 131.50 129.60 133.90 111.02 27.00 54.67 60.30 48.40 43.50 37.40 105.00 75.50 28.80 33.30 49.40 43.40 55.93
365 | 1 2 3 5 6 7 8 9 11 12 13 14 15 17 19 20 21 22 23 24 26 28 | 128.90 128.40 49.50 57.10 31.90 134.20 130.90 193.00 45.70 112.60 146.90 149.00 112.30 55.95 55.98 40.70 151.10 147.10 110.30 127.10 55.70 60.30
366 | 1 2 3 4 5 6 8 9 12 14 16 17 18 19 20 21 23 25 27 28 30 31 33 | 153.11 110.97 127.28 133.15 108.89 147.90 62.38 172.53 188.21 188.21 115.87 135.43 110.48 149.24 136.01 150.54 61.70 100.96 32.98 60.20 45.25 45.25 56.79
367 | 1 2 3 4 5 6 8 10 12 14 15 16 17 18 19 20 22 24 25 27 28 | 114.80 143.47 121.64 113.10 149.10 144.50 103.30 82.45 170.26 72.90 136.62 127.80 110.48 147.64 147.18 104.72 101.35 32.98 60.20 45.25 45.25
368 | 1 2 3 4 5 6 8 10 12 14 16 17 18 19 20 21 23 25 26 28 29 | 114.80 142.87 121.64 113.10 149.10 144.50 103.30 82.89 170.26 197.85 133.15 134.20 110.48 147.64 150.00 109.55 101.18 32.98 60.20 45.25 45.25
369 | 1 2 3 4 5 6 7 8 9 10 11 12 14 15 17 19 20 21 22 23 25 27 | 124.35 135.43 31.14 75.82 130.16 120.89 144.14 151.32 110.48 135.43 28.50 63.84 48.45 48.45 55.67 60.98 110.48 148.97 147.60 111.20 56.05 55.95
370 | 2 3 4 5 6 7 8 9 10 12 14 15 16 17 18 19 20 22 23 | 63.84 28.50 135.43 126.10 57.93 111.37 147.23 147.64 110.48 101.80 65.40 131.94 127.86 114.25 160.33 114.25 127.86 56.57 47.75
371 | 1 2 3 4 5 6 7 9 10 12 13 15 16 17 18 19 20 22 | 30.21 129.20 130.70 41.40 146.85 118.70 181.30 151.10 122.10 54.90 58.54 42.59 40.80 105.00 146.60 146.70 107.30 101.00
372 | 1 2 3 4 5 6 7 8 9 10 12 13 14 16 17 18 19 21 24 | 145.40 147.90 109.40 128.60 131.00 111.70 61.65 42.27 72.20 39.50 131.10 123.14 47.20 142.80 145.40 107.30 120.30 101.10 100.80
373 | 1 2 3 4 5 6 8 10 11 13 | 122.00 134.00 108.00 150.90 147.90 107.30 101.40 28.50 40.30 166.60
374 | 1 2 3 4 5 6 7 9 10 11 12 13 14 15 16 17 18 20 24 | 135.43 125.43 110.96 147.38 138.30 116.20 87.29 61.40 84.92 38.40 146.41 145.14 36.08 110.48 147.64 147.23 111.37 101.35 101.57
375 | 1 2 3 4 6 7 8 9 10 11 12 13 14 15 17 18 19 20 21 22 25 27 28 29 31 32 33 34 36 38 | 139.60 107.90 22.60 39.90 59.55 83.70 42.49 36.77 35.15 30.18 139.20 130.07 55.79 35.22 41.11 28.49 128.80 110.70 147.60 143.15 56.40 58.14 128.20 136.93 93.90 149.00 149.21 98.70 56.08 56.13
376 | 1 2 3 4 5 6 8 9 10 11 12 13 16 17 18 19 20 22 24 | 143.18 123.95 35.36 55.94 125.15 144.80 148.90 110.40 124.30 126.30 27.94 41.11 55.00 129.46 110.96 156.09 139.90 61.18 56.26
377 | 1 2 3 4 5 6 7 8 9 10 11 12 13 14 16 17 18 19 20 22 24 26 | 147.18 147.38 110.96 123.58 142.14 129.58 39.41 68.40 138.07 114.12 128.80 140.00 29.10 49.48 40.95 110.47 148.37 147.80 110.12 56.37 55.95 101.57
378 | 1 2 3 4 5 6 8 9 11 12 13 15 16 17 18 19 20 21 23 25 | 129.20 130.70 41.40 161.40 118.70 181.30 151.10 122.10 54.90 60.50 32.70 45.40 40.80 42.20 105.50 148.70 148.97 110.48 55.95 55.84
379 | 1 2 3 4 5 6 8 9 10 11 13 14 15 16 17 18 19 20 21 22 24 25 26 27 28 29 31 33 34 36 38 40 | 149.00 149.21 98.70 128.20 136.93 93.90 139.60 107.90 22.60 39.90 59.55 83.70 42.49 36.77 35.15 30.18 139.20 130.07 60.30 48.40 54.67 28.19 128.80 111.02 152.60 143.70 60.30 56.00 43.40 58.14 56.08 56.13
380 | 1 2 3 4 5 6 8 9 10 11 13 14 15 16 17 18 19 20 21 22 24 25 26 27 28 29 31 33 34 36 38 40 | 149.00 149.21 98.70 128.20 136.93 93.90 139.60 107.90 22.60 39.90 59.55 83.70 42.49 36.77 35.15 30.18 139.20 130.07 60.30 48.40 54.67 28.19 128.80 111.02 152.60 143.70 60.30 56.00 43.40 58.14 56.08 56.13
381 | 1 2 3 4 5 6 7 9 10 11 12 13 14 15 17 18 19 22 | 133.10 46.00 132.30 111.30 95.80 152.30 89.00 146.30 138.50 116.40 118.60 127.60 29.50 60.70 46.00 37.00 42.30 54.70
382 | 1 2 3 5 6 7 9 10 11 12 13 14 17 18 19 20 22 | 155.21 119.23 187.01 145.49 116.80 144.88 146.68 118.90 129.72 133.40 119.09 139.70 106.92 141.38 148.29 96.91 101.75
383 | 1 2 3 4 5 6 7 8 10 11 12 13 14 15 17 18 19 20 22 24 25 27 29 | 110.96 146.95 149.12 118.30 141.61 127.86 40.51 69.80 55.80 53.90 28.30 129.13 125.15 145.22 71.91 132.20 153.49 110.48 56.23 61.10 21.79 60.10 55.70
384 | 1 2 3 4 5 6 8 10 12 14 15 16 17 18 20 21 22 23 24 | 110.30 140.80 115.50 113.10 149.10 144.50 103.30 83.35 167.20 66.45 129.75 127.39 25.63 50.40 45.00 113.73 145.00 145.03 112.62
385 | 1 2 3 4 5 6 7 8 10 12 13 14 15 16 17 18 19 | 156.06 116.49 130.85 130.90 130.85 116.49 35.60 42.00 167.80 117.50 140.50 127.00 129.80 114.60 159.62 114.60 129.80
386 | 1 2 3 4 5 6 7 8 9 10 12 14 16 17 18 19 21 23 24 26 28 | 149.60 152.86 106.04 133.40 134.00 101.81 117.70 121.50 131.10 113.70 156.60 174.80 116.90 113.43 143.00 145.02 61.30 56.85 30.70 55.79 56.08
387 | 1 2 3 4 6 7 8 9 10 11 12 13 15 17 18 19 20 21 22 24 | 129.80 124.05 24.20 49.50 65.50 40.40 130.60 121.50 110.70 146.97 148.30 110.75 55.77 55.60 42.27 114.60 145.64 147.69 112.60 56.10
388 | 1 2 3 4 5 6 7 8 9 10 11 12 14 17 19 20 21 22 24 26 | 120.89 129.80 35.90 62.20 127.11 120.89 143.95 146.53 104.72 136.62 67.30 52.98 42.64 56.29 118.85 111.24 159.30 144.14 60.98 56.20
389 | 1 2 3 4 5 6 7 9 10 11 13 14 15 16 17 18 19 21 24 26 | 136.62 121.64 113.10 147.38 138.30 116.20 88.79 66.72 84.92 73.25 146.41 145.14 36.08 110.48 147.64 147.23 111.37 101.35 29.00 101.57
390 | 1 2 3 4 5 6 7 9 10 11 12 13 14 15 16 17 18 20 23 25 | 135.43 125.43 110.96 147.38 138.30 116.20 88.79 66.72 84.92 38.40 146.41 145.14 36.08 110.48 147.64 147.23 111.37 101.35 29.00 101.57
391 | 1 2 3 4 5 6 7 8 9 10 12 13 14 15 16 17 20 21 22 23 24 25 27 28 30 31 32 33 35 37 | 43.15 83.70 59.55 30.18 35.15 36.77 139.20 130.07 60.30 48.40 54.67 28.19 128.80 110.70 147.60 143.15 56.40 43.40 139.60 107.90 22.60 39.90 127.08 136.93 94.80 157.15 110.10 119.70 55.34 58.14
392 | 1 2 3 4 5 6 7 9 10 11 12 13 14 15 16 17 18 20 23 | 147.69 145.64 114.60 124.05 129.80 112.60 64.50 46.90 24.20 43.10 39.10 134.00 130.92 113.66 158.07 113.66 130.92 56.57 56.10
393 | 1 2 3 4 5 6 7 8 9 10 12 13 14 15 16 17 20 21 22 23 24 25 27 28 30 31 32 33 35 37 | 42.49 83.70 59.55 30.18 35.15 36.77 139.20 130.07 60.30 48.40 54.67 28.19 128.80 110.70 147.60 143.15 56.40 43.40 139.60 107.90 22.60 39.90 127.08 136.93 94.80 157.15 110.10 119.70 55.34 58.14
394 | 1 2 3 4 5 6 7 8 9 10 12 13 14 15 16 17 20 21 23 24 25 26 27 29 30 32 33 34 35 37 39 | 35.15 30.18 59.55 83.70 42.49 36.77 139.20 130.07 60.30 48.40 54.67 28.19 128.80 110.70 147.60 143.15 56.40 43.40 58.14 139.60 107.90 22.60 39.90 128.20 136.93 93.90 149.00 149.21 98.70 56.08 56.13
395 | 1 2 3 4 5 6 7 9 11 12 13 14 15 17 19 20 21 22 24 | 131.87 142.79 46.92 137.15 138.51 44.30 60.72 167.35 31.52 110.48 147.64 146.51 111.41 100.20 108.30 147.60 145.40 112.60 101.35
396 | 1 2 3 4 5 6 7 8 9 10 12 13 14 15 16 17 20 21 22 23 24 25 27 28 30 31 32 33 35 37 | 42.49 83.70 56.39 30.18 35.15 36.77 139.20 130.07 60.30 48.40 54.67 28.19 128.80 110.70 147.60 143.15 56.40 43.40 139.60 107.90 22.60 39.90 127.08 136.93 94.80 157.15 110.10 119.70 55.34 58.14
397 | 1 2 3 4 5 6 7 8 9 10 12 13 14 15 16 17 20 21 22 23 24 25 27 28 30 31 32 33 35 37 39 | 42.49 83.70 59.55 30.18 35.15 36.77 139.20 130.07 60.30 48.40 54.67 28.19 128.80 110.70 147.60 143.15 56.40 43.40 139.60 107.90 22.60 39.90 128.20 136.93 93.90 149.00 149.21 98.70 56.08 56.13 58.14
398 | 1 2 3 4 5 6 8 9 11 12 13 14 15 16 17 18 19 21 22 23 24 25 26 27 28 30 31 32 33 34 36 38 39 40 41 43 45 48 | 45.40 40.80 41.40 161.40 118.70 181.30 151.10 122.10 54.90 60.60 30.21 124.18 135.54 143.15 138.65 96.91 156.07 145.22 135.54 127.60 29.50 60.50 161.40 118.70 181.30 151.10 122.10 41.40 40.80 45.40 42.20 54.90 118.77 111.24 150.63 56.02 57.00 42.20
399 | 1 2 4 5 6 7 9 10 11 12 13 14 16 17 18 19 20 22 24 | 123.95 143.18 143.18 129.11 56.70 36.50 47.50 26.00 126.30 125.43 118.50 144.25 42.40 139.90 156.09 110.96 129.46 56.26 61.18
400 | 1 2 3 4 6 7 9 10 11 12 13 14 16 19 20 21 22 24 | 122.50 133.60 120.90 139.70 153.30 187.01 119.45 156.50 135.69 148.55 102.70 128.17 101.35 102.64 150.43 148.43 103.50 102.16
401 | 1 2 4 5 6 7 8 9 10 11 13 14 15 17 18 19 20 21 22 24 26 | 129.75 143.18 143.18 120.60 128.83 129.45 135.43 125.43 111.24 150.63 56.02 32.98 60.20 45.25 45.25 139.90 156.09 109.30 126.42 56.26 61.18
402 | 1 2 3 4 5 6 7 8 10 11 12 13 14 15 16 17 19 23 | 151.30 150.20 105.10 123.67 134.17 106.90 118.92 141.07 158.14 36.71 123.60 127.69 122.38 113.36 147.38 147.18 101.57 56.40
403 | 1 2 3 4 5 6 8 10 12 13 14 15 16 17 18 20 21 22 23 25 | 140.00 128.80 110.12 146.30 147.20 109.50 101.10 68.15 48.10 29.10 40.95 70.10 126.72 143.47 70.10 121.64 113.10 147.38 147.18 101.57
404 | 1 2 3 4 5 6 8 10 12 13 14 15 16 17 18 20 21 22 23 25 | 128.38 138.43 110.12 146.30 147.20 109.50 101.10 68.15 48.10 29.10 40.95 70.10 126.72 136.49 200.58 127.28 107.70 147.38 147.18 101.57
405 | 1 2 3 4 5 6 7 8 9 10 11 12 13 15 16 17 20 21 22 23 25 28 | 147.75 147.25 104.05 127.80 126.60 100.50 140.90 124.50 120.20 123.90 137.31 121.64 67.38 35.28 38.53 178.90 147.18 147.38 110.96 127.97 101.57 101.05
406 | 1 2 3 4 5 6 7 8 9 10 11 12 13 14 16 18 19 20 22 23 25 | 151.34 147.25 106.04 131.75 130.53 101.81 117.70 130.38 122.10 125.38 133.63 113.10 143.00 145.02 61.30 56.85 31.87 60.20 45.25 45.25 101.30
407 | 1 2 3 4 5 6 7 8 9 10 11 12 13 14 16 18 19 20 23 24 26 | 151.34 147.25 106.04 131.75 130.53 101.81 117.70 130.38 122.10 125.38 133.63 113.10 143.00 145.02 61.30 56.85 28.50 66.89 58.00 58.00 101.30
408 | 1 2 3 4 5 6 7 9 10 11 13 15 16 17 19 20 21 22 25 27 | 147.23 147.64 110.48 135.43 147.92 111.37 86.58 49.48 28.30 35.95 163.02 108.89 133.15 195.10 127.28 110.96 148.43 151.00 56.10 101.35
409 | 1 2 3 4 5 6 7 9 10 11 13 15 16 17 19 20 21 22 25 27 29 | 148.24 148.97 110.48 135.43 147.92 111.37 86.58 49.48 28.30 35.95 163.02 108.89 133.15 195.10 127.28 110.96 148.43 151.00 56.10 55.95 56.00
410 | 1 2 3 4 5 7 9 10 11 13 14 15 16 17 19 21 22 23 24 26 | 132.70 109.75 135.17 140.05 200.58 61.21 37.21 121.60 147.18 68.76 138.10 148.31 110.96 127.86 100.70 109.55 150.00 147.32 109.12 101.35
411 | 1 2 3 4 5 6 7 8 9 11 12 13 14 16 17 18 19 20 22 24 27 | 147.18 147.38 107.70 127.28 136.49 126.72 70.10 68.40 199.79 138.43 128.38 29.10 48.10 40.95 110.47 148.37 147.80 110.12 56.37 55.95 101.57
412 | 1 3 4 5 6 7 8 9 10 12 14 15 17 18 19 20 21 22 23 24 26 28 | 145.21 41.91 28.22 131.87 126.38 110.34 140.70 150.06 110.04 55.95 56.26 161.51 112.90 133.75 128.70 18.57 123.58 110.96 150.63 145.22 61.00 56.02
413 | 1 2 3 5 6 7 8 9 10 12 | 18.43 54.90 74.47 141.87 126.33 128.13 127.07 128.13 126.33 34.45
414 | 1 3 4 5 6 | 36.50 52.00 27.30 27.40 41.45
415 | 2 3 4 5 6 | 132.10 32.85 20.83 53.34 47.89
416 | 1 2 3 4 6 7 8 9 10 11 12 13 15 16 17 18 | 129.60 123.30 23.40 41.20 57.80 41.70 128.80 131.30 116.60 156.65 116.60 131.30 111.00 147.90 146.60 111.00
417 | 1 2 3 4 5 6 8 9 10 13 14 15 16 17 19 21 23 24 30 32 33 34 35 39 41 42 43 44 45 46 50 51 52 53 54 56 | 165.50 101.60 163.60 105.44 155.94 95.40 158.86 132.67 178.82 98.60 81.50 76.98 69.91 73.86 63.39 166.60 43.45 168.15 104.50 78.77 72.44 78.37 77.80 62.69 121.11 130.94 115.18 160.12 115.18 130.94 103.70 78.60 78.34 71.27 76.40 61.08
418 | 1 2 3 5 7 8 9 10 11 12 13 14 17 18 19 20 21 22 | 130.90 35.60 42.00 166.60 118.96 140.70 127.50 110.70 148.25 149.24 115.70 122.55 55.70 130.85 116.49 156.06 116.49 130.85
419 | 1 2 3 4 5 6 7 9 10 11 13 14 15 16 17 18 20 22 24 26 | 150.70 152.90 104.60 133.60 122.50 103.80 153.30 139.70 120.90 186.40 129.60 126.60 109.70 153.50 148.70 111.70 55.90 55.60 55.79 56.30
420 | 1 2 3 4 6 7 8 10 | 27.50 60.50 47.30 209.30 47.30 60.50 27.50 38.10
421 | 2 3 4 5 6 8 9 10 11 12 13 15 17 18 19 20 21 23 | 148.00 112.70 125.90 129.80 60.50 40.35 28.80 41.73 132.80 115.88 146.35 147.05 55.55 112.40 121.77 112.30 145.70 55.99
422 | 1 2 3 4 5 6 7 8 9 10 11 12 13 14 15 16 17 18 19 20 21 22 23 24 25 26 27 28 29 | 13.97 22.15 32.04 28.72 29.58 29.42 30.72 26.80 38.43 72.43 38.43 26.80 30.72 29.42 29.24 29.42 29.50 29.50 29.50 29.50 29.50 29.50 29.42 29.07 29.04 28.72 32.04 22.15 13.97
423 | 1 2 3 4 5 6 7 8 10 11 13 14 15 16 17 18 19 22 25 | 148.00 145.70 114.00 129.77 126.70 112.70 28.56 51.31 53.30 61.45 54.30 132.90 122.00 110.96 148.57 145.90 111.37 55.55 55.99
424 | 1 2 3 4 5 6 7 9 10 11 12 13 14 15 16 17 18 19 24 26 | 147.23 147.64 110.48 135.43 130.16 111.37 164.37 52.19 25.60 42.19 30.77 135.43 125.43 110.30 148.43 147.08 130.16 176.10 56.10 101.18
425 | 1 2 3 4 5 6 8 10 12 13 14 15 16 17 18 21 22 23 24 26 | 147.64 110.48 135.43 147.92 111.37 147.23 101.35 86.58 49.48 28.30 35.95 29.73 135.43 108.89 163.02 144.50 149.10 110.96 125.43 103.30
426 | 1 2 3 4 5 6 8 10 12 13 14 15 16 17 18 19 20 21 22 26 | 147.64 110.48 135.43 130.16 111.37 147.23 101.18 164.37 52.19 25.60 42.19 30.77 135.43 125.43 110.96 147.38 147.18 130.16 176.10 101.57
427 | 1 2 3 4 5 6 8 10 11 12 13 14 15 16 17 18 19 20 24 26 | 144.61 114.60 135.43 130.16 111.37 145.40 164.37 52.19 25.60 42.19 30.77 135.43 125.43 111.24 150.63 145.22 130.16 176.10 61.00 56.02
428 | 1 2 4 5 6 7 8 9 10 11 12 13 14 15 16 17 18 19 20 21 22 23 24 25 26 27 28 29 30 31 32 | 37.46 215.76 50.20 48.36 26.00 33.38 21.07 46.00 26.79 21.53 48.80 45.28 32.87 26.43 52.41 27.72 35.10 34.70 33.00 29.27 41.95 150.50 109.25 18.90 20.15 18.85 18.11 19.27 29.58 21.49 21.49
429 | 1 3 4 5 6 7 9 10 | 57.00 63.05 33.20 22.55 43.58 206.60 30.40 42.64
430 | 1 2 3 5 6 7 | 131.74 123.79 53.31 171.46 41.28 178.06
431 | 1 2 3 4 5 6 7 9 12 14 | 62.07 25.40 25.07 65.55 53.55 69.65 33.01 172.13 52.48 41.25
432 | 1 2 3 4 5 6 7 8 9 | 127.80 129.30 125.80 129.30 127.80 137.90 40.20 71.00 176.60
433 | 1 2 3 4 5 6 7 8 10 | 129.45 128.72 127.01 128.72 129.45 131.77 43.00 192.00 160.20
434 | 1 2 3 4 5 6 7 8 10 11 12 13 14 15 16 17 18 20 22 24 27 | 146.87 135.69 147.08 130.16 135.43 110.48 28.50 63.84 75.82 73.06 136.87 117.90 57.93 145.22 150.63 113.90 121.64 56.02 61.00 55.74 101.35
435 | 1 2 3 4 5 6 7 8 10 11 12 13 14 15 16 17 18 20 22 24 26 27 30 | 146.87 135.69 147.08 130.16 135.43 110.48 28.50 63.84 75.82 73.06 136.87 117.90 57.93 145.22 150.63 113.90 121.64 56.02 61.00 170.18 21.08 55.74 101.35
436 | 1 2 3 4 5 6 7 8 10 11 12 13 14 15 16 17 18 20 22 23 26 | 146.87 135.69 147.08 130.16 135.43 110.48 28.50 63.84 67.11 31.14 135.43 117.90 57.93 145.22 150.63 111.24 125.43 56.02 61.00 55.74 101.35
437 | 1 2 3 4 5 6 8 9 10 11 12 13 15 16 17 18 19 22 | 145.80 118.40 121.89 132.80 117.85 146.70 40.77 64.40 129.60 124.70 24.40 46.63 42.27 110.60 145.53 143.40 113.40 55.99
438 | 1 2 3 4 5 6 7 8 10 11 12 13 14 15 16 17 18 20 22 24 | 147.64 147.23 111.37 130.16 135.43 110.48 28.50 63.84 67.11 31.14 135.43 117.90 57.93 147.18 147.38 110.96 125.43 101.57 55.74 101.35
439 | 1 2 3 4 5 6 7 8 10 11 12 13 14 16 17 18 19 21 23 25 27 28 30 32 | 149.24 136.01 145.22 125.15 129.13 110.48 22.50 50.40 66.45 81.23 136.87 118.77 192.68 145.22 150.63 113.90 121.64 56.02 61.00 171.30 21.30 45.00 61.00 100.96
440 | 1 2 3 4 5 6 7 8 10 11 12 13 14 15 16 17 22 | 145.70 143.90 112.30 129.80 125.90 111.20 28.70 40.35 60.50 41.73 135.03 117.85 146.70 145.80 118.40 120.63 55.99
441 | 1 2 3 4 5 6 7 8 | 127.01 115.70 156.02 115.70 127.01 132.00 50.60 199.30
442 | 1 2 3 4 5 6 7 8 10 | 130.44 114.67 157.34 114.67 130.44 131.77 43.00 192.00 160.20
443 | 1 2 3 4 5 6 7 8 10 11 12 13 14 16 17 18 19 21 23 26 | 147.64 150.00 109.55 130.90 133.51 110.48 36.30 75.90 50.70 128.40 128.90 45.70 193.00 127.10 110.96 145.40 142.80 101.10 37.33 101.18
444 | 1 2 3 4 5 6 7 8 10 12 14 15 16 18 19 20 21 22 23 24 26 | 127.60 135.54 41.40 146.85 132.45 73.28 166.87 117.55 57.96 170.18 21.08 60.60 29.50 45.40 40.80 42.20 143.15 145.20 109.10 118.77 55.80
445 | 1 2 3 4 5 6 7 8 9 10 11 12 14 15 17 18 20 22 | 150.63 147.18 139.20 127.60 118.77 111.24 21.67 49.70 42.90 48.43 78.93 204.97 37.45 26.43 40.80 46.20 42.74 56.20
446 | 1 2 3 4 5 6 7 8 9 10 11 12 14 15 17 18 20 | 144.25 147.18 139.20 127.60 118.60 118.50 24.40 57.80 42.33 48.43 78.93 197.80 132.13 129.43 40.80 46.20 42.50
447 | 1 2 3 4 5 6 8 10 12 13 15 16 18 19 20 21 22 23 24 26 28 30 | 125.15 129.13 110.48 149.24 136.01 145.22 61.00 100.96 22.50 50.40 66.45 82.10 96.66 130.10 143.47 121.64 113.90 150.63 145.22 61.00 56.02 45.00
448 | 1 2 3 4 5 6 7 8 9 10 11 12 14 15 16 17 19 22 | 150.63 147.18 139.20 127.60 118.77 111.24 29.50 60.60 146.85 126.67 39.25 204.97 78.93 48.43 37.00 46.00 42.30 56.20
449 | 1 2 3 4 5 7 8 9 10 13 14 15 16 17 19 21 22 23 24 25 28 | 81.23 139.45 127.80 33.77 56.65 66.45 130.83 132.00 94.80 55.70 147.18 147.38 110.96 127.93 101.57 42.41 110.48 146.17 145.90 117.40 55.99
450 | 1 2 3 4 5 6 8 9 10 12 13 14 15 16 17 18 19 22 24 | 148.24 111.37 130.16 135.43 110.48 148.97 55.95 28.50 43.83 67.11 31.14 135.32 109.89 147.14 144.50 114.71 127.01 55.97 56.00
451 | 1 2 3 4 5 6 7 8 10 11 12 13 14 16 17 18 19 21 23 25 | 147.64 150.00 109.55 130.90 134.20 110.48 31.90 57.10 49.50 128.40 128.90 45.70 193.00 125.43 118.50 144.25 145.22 61.00 40.70 101.18
452 | 1 2 3 4 5 6 7 8 10 11 12 13 14 16 17 18 19 21 23 26 | 146.17 150.60 111.49 130.90 134.20 110.48 31.90 57.10 49.50 128.40 128.90 45.70 193.00 127.10 110.96 145.40 142.80 101.10 40.70 55.99
453 | 1 2 3 4 5 6 7 8 9 10 11 12 13 14 15 16 18 20 24 | 145.20 143.15 135.54 127.60 118.77 109.10 29.50 60.50 161.40 126.95 73.99 161.62 117.55 41.40 40.80 45.40 42.20 56.17 55.80
454 | 1 2 3 4 5 6 8 10 11 13 14 15 16 17 18 19 20 22 24 25 26 | 130.16 135.43 110.48 147.64 147.23 111.37 101.35 28.50 63.84 67.11 31.14 135.32 109.89 148.69 147.52 111.59 127.01 55.60 55.77 48.45 48.45
455 | 1 2 3 4 5 6 9 11 12 14 15 16 17 18 20 21 22 23 25 27 29 31 32 | 130.16 135.43 110.48 146.87 135.69 147.08 101.35 28.50 63.84 75.82 73.06 136.87 130.16 98.40 145.22 150.63 113.90 121.64 56.02 61.00 170.18 21.08 51.70
456 | 1 2 3 4 5 6 7 8 10 11 12 13 14 16 17 18 19 21 23 24 27 | 146.87 135.69 147.08 130.16 135.43 110.48 28.50 63.84 67.11 31.14 135.43 130.16 98.40 145.22 150.63 111.24 125.43 56.02 61.00 51.70 101.35
457 | 1 2 3 4 5 6 7 8 10 11 12 13 14 15 16 17 19 21 23 | 146.35 147.05 112.40 121.77 132.80 115.88 40.77 64.40 46.63 24.40 124.70 129.60 113.40 143.40 145.53 110.60 55.99 42.27 55.55
458 | 1 2 3 4 5 6 8 9 10 11 12 13 15 16 17 18 19 22 | 145.80 118.40 121.89 132.80 117.85 146.70 40.77 64.40 129.60 124.70 24.40 46.63 42.27 110.60 145.53 143.40 113.40 55.99
459 | 1 2 3 4 5 6 7 8 10 11 12 13 14 15 16 17 18 21 23 25 27 28 31 | 146.87 135.69 147.08 125.15 129.13 110.48 22.50 50.40 66.45 81.23 136.87 121.64 113.90 150.63 145.22 118.77 192.68 61.00 56.02 171.30 21.30 45.00 101.35
460 | 1 2 3 4 5 6 7 8 10 11 12 13 14 15 16 17 18 21 23 25 28 | 146.87 135.69 147.08 125.15 129.13 110.48 22.50 50.40 66.45 75.70 136.87 121.64 113.90 150.63 145.22 118.77 192.68 61.00 56.02 45.00 101.35
461 | 1 2 3 4 5 6 7 8 10 11 12 13 14 15 16 17 19 21 | 118.40 145.80 146.70 117.85 135.03 120.63 40.77 64.40 46.63 24.40 124.70 129.60 113.40 143.40 145.47 110.60 55.99 42.27
462 | 1 2 3 5 6 7 8 9 10 11 12 13 15 16 17 18 20 22 | 127.40 130.40 57.80 41.20 24.90 41.70 128.80 131.30 116.60 155.80 116.60 131.30 111.20 146.90 147.60 111.80 55.95 55.77
463 | 1 2 4 5 6 7 8 9 11 12 13 14 15 16 17 18 19 22 24 | 146.90 147.60 55.95 111.80 127.40 130.40 111.20 54.90 40.35 24.90 42.20 131.40 109.89 147.14 144.50 114.71 121.89 55.97 55.78
464 | 1 2 4 5 6 7 8 9 11 12 13 14 15 16 17 18 19 21 23 | 146.90 147.60 55.95 111.80 127.40 130.40 111.20 57.80 41.20 24.90 41.70 128.80 129.14 113.66 158.07 113.66 129.14 56.57 55.78
465 | 1 2 3 4 5 6 9 10 11 13 14 15 16 17 18 19 20 22 23 24 | 130.16 135.43 110.48 146.17 145.90 111.37 55.99 28.50 63.84 67.11 31.14 127.28 130.71 114.06 158.32 114.06 130.71 56.57 48.45 48.45
466 | 1 2 3 4 5 6 7 8 10 11 12 13 14 15 16 17 19 21 23 25 | 151.30 147.70 108.35 121.90 131.25 110.50 25.60 45.69 161.40 33.46 135.32 109.89 148.69 147.52 111.59 127.01 55.60 55.77 56.00 55.95
467 | 1 2 4 6 7 8 9 11 12 14 15 16 17 18 19 20 22 23 24 25 27 29 | 136.01 149.24 100.96 110.48 124.10 129.11 145.22 61.00 59.05 44.40 23.30 42.35 44.30 135.43 118.77 192.68 145.22 150.63 111.24 125.43 56.02 61.00
468 | 1 2 3 4 5 6 8 9 10 11 12 13 14 16 17 18 19 20 23 | 134.00 130.92 113.66 158.07 113.66 130.92 56.57 39.73 64.00 128.85 124.70 24.40 47.80 42.39 110.60 145.53 143.40 113.40 55.99
469 | 1 2 4 5 6 7 8 9 11 12 13 14 15 16 17 18 19 20 22 24 | 145.90 146.17 55.99 110.48 135.43 130.16 111.37 67.11 63.84 28.50 57.93 117.90 135.43 31.14 125.43 110.96 147.38 147.18 101.57 55.74
470 | 1 2 4 6 7 8 9 11 13 14 15 16 17 18 19 22 23 24 25 27 29 | 135.69 146.87 101.35 110.48 129.13 125.15 147.08 66.45 50.40 22.50 45.00 80.60 143.47 130.10 96.66 145.22 150.63 113.90 121.64 56.02 61.00
471 | 1 2 3 4 5 6 8 10 12 13 14 15 16 17 18 19 20 21 23 | 135.70 123.14 147.08 148.43 110.30 123.70 56.10 53.40 59.00 36.25 129.50 126.16 28.68 51.35 108.20 145.80 145.40 110.57 100.80
472 | 1 2 3 4 5 6 7 8 10 11 12 13 14 15 16 17 19 21 24 | 145.70 143.90 112.30 129.80 125.90 111.20 28.70 40.35 60.50 42.20 131.40 112.30 147.40 146.97 109.30 122.30 55.60 55.77 55.99
473 | 1 2 3 4 5 6 7 9 10 11 12 13 14 15 16 17 | 111.00 146.60 147.90 111.00 123.30 126.10 60.50 41.00 23.40 41.73 132.80 117.85 146.70 145.80 118.40 121.89
474 | 1 2 3 4 5 6 7 8 10 11 12 13 14 15 16 17 20 23 | 145.70 143.90 112.30 129.80 125.90 111.20 28.70 40.35 60.50 42.20 131.40 109.89 147.14 144.50 114.71 120.63 55.97 55.99
475 | 1 2 3 4 5 6 7 8 10 11 12 13 14 15 16 17 19 21 22 24 | 145.80 145.40 110.33 129.88 126.18 108.20 25.20 46.63 65.50 40.40 130.60 121.50 110.70 146.97 148.30 110.75 55.77 55.60 42.27 100.80
476 | 1 2 3 4 5 6 7 8 | 145.34 144.23 116.08 127.01 135.32 115.88 51.78 198.88
