
(rdkit3) C:\Users\jmn\Documents\CNRS19\Bologne\Biblio\Knapsack>"C:\Users\jmn\Documents\jdk1.8.0_202\bin\java.exe" -Xmx1g -classpath predictorc.jar;nmrshiftdb2/lib/cdk-interfaces.jar;nmrshiftdb2/lib/cdk-io.jar;nmrshiftdb2/lib/cdk-core.jar;nmrshiftdb2/lib/cdk-data.jar;nmrshiftdb2/lib/cdk-standard.jar;nmrshiftdb2/lib/cdk-sdg.jar;nmrshiftdb2/lib/cdk-valencycheck.jar;nmrshiftdb2/lib/vecmath1.2-1.14.jar;nmrshiftdb2/lib/jgrapht.jar;nmrshiftdb2/lib/antlr-2.7.2.jar;nmrshiftdb2/lib/cdk-atomtype.jar;nmrshiftdb2/lib/cdk-ioformats.jar;nmrshiftdb2/lib/cdk-legacy.jar;nmrshiftdb2/lib/guava-17.0.jar;nmrshiftdb2/lib/cdk-smiles.jar;nmrshiftdb2/lib/beam-core-0.9.2.jar;nmrshiftdb2/lib/beam-func-0.9.2.jar;. Demo "calopyll_2D_tagged.sdf" "4" "3d" 
Duration: 10436
0 0 157.96666
0 1 96.1
0 2 157.2
0 3 100.6
0 4 156.9
0 5 95.4
0 7 82.7
0 8 68.3
0 9 28.8
0 11 131.6
0 12 115.0
0 13 145.605
0 14 145.805
0 15 115.715
0 16 119.0
1 0 164.6
1 1 99.0
1 2 161.4
1 3 104.84615
1 4 158.83076
1 5 95.00769
1 7 161.675
1 8 104.1
1 9 182.60834
1 11 123.69865
1 12 127.98287
1 13 124.44103
1 14 152.28316
1 15 114.14503
1 16 126.18489
1 18 114.316666
1 19 154.155
1 20 103.01818
1 21 160.42728
1 22 104.60555
1 23 153.89711
1 25 164.1909
1 26 103.7
1 27 182.55556
1 29 121.34286
1 30 128.6
1 31 115.9
1 32 161.4
1 33 115.9
1 34 128.6
2 0 174.7
2 3 33.8
2 4 25.625826
2 5 29.525
2 6 29.62
2 7 29.6975
2 8 29.621952
2 9 29.42
2 10 29.505
2 11 29.505
2 12 29.505
2 13 29.505
2 14 29.505
2 15 29.42
2 16 29.075
2 17 29.04
2 18 28.72
2 19 32.043335
2 20 22.15
2 21 13.97
3 0 13.97
3 1 22.15
3 2 32.043335
3 3 28.72
3 4 29.04
3 5 29.075
3 6 29.42
3 7 29.505
3 8 29.505
3 9 29.505
3 10 29.505
3 11 29.505
3 12 29.505
3 13 29.505
3 14 29.42
3 15 29.621952
3 16 29.6975
3 17 29.62
3 18 29.525
3 19 25.625826
3 20 33.8
3 21 174.7
4 0 174.7
4 3 33.8
4 4 25.625826
4 5 29.525
4 6 29.62
4 7 29.6975
4 8 29.505
4 9 29.541666
4 10 29.23294
4 11 29.071428
4 12 29.25
4 13 27.807692
4 14 130.07083
4 15 130.07083
4 16 27.807692
4 17 29.25
4 18 29.5
4 19 29.2
4 20 29.247059
4 21 32.043335
4 22 22.15
4 23 13.97
5 0 174.7
5 3 33.8
5 4 25.625826
5 5 29.525
5 6 29.62
5 7 29.6975
5 8 29.621952
5 9 29.42
5 10 29.505
5 11 29.505
5 12 29.505
5 13 29.505
5 14 29.505
5 15 29.505
5 16 29.505
5 17 29.505
5 18 29.505
5 19 29.42
5 20 29.075
5 21 29.04
5 22 28.72
5 23 32.043335
5 24 22.15
5 25 13.97
6 0 131.0
6 1 128.7
6 2 26.2
6 3 128.7
6 4 130.41429
6 5 26.836363
6 6 28.65
6 7 29.2
6 8 29.3
6 9 29.346666
6 10 25.625826
6 11 33.8
6 12 174.7
6 15 27.7
6 16 30.0
6 17 31.85
6 18 23.14
6 19 14.040541
7 0 174.7
7 3 33.8
7 4 25.625826
7 5 29.525
7 6 29.62
7 7 29.6975
7 8 29.621952
7 9 29.42
7 10 29.075
7 11 29.04
7 12 28.72
7 13 32.043335
7 14 22.15
7 15 13.97
8 0 13.97
8 1 22.15
8 2 32.043335
8 3 29.247059
8 4 29.454546
8 5 29.194445
8 6 28.9
8 7 32.2
8 8 128.6
8 9 135.44286
8 10 41.05
8 11 178.21819
8 14 30.556932
8 15 27.744444
8 16 29.3
8 17 29.774286
8 18 29.46812
8 19 29.42
8 20 29.075
8 21 29.04
8 22 28.72
8 23 32.043335
8 24 22.15
8 25 13.97
9 0 13.97
9 1 22.15
9 2 32.043335
9 3 29.247059
9 4 29.2
9 5 29.5
9 6 29.25
9 7 27.807692
9 8 130.07083
9 9 130.07083
9 10 27.807692
9 11 29.25
9 12 28.8
9 13 28.8
9 14 29.346666
9 15 25.625826
9 16 33.8
9 17 174.7
10 0 13.97
10 1 22.15
10 2 32.043335
10 3 28.72
10 4 29.04
10 5 29.075
10 6 29.42
10 7 29.505
10 8 29.42
10 9 29.621952
10 10 29.6975
10 11 29.62
10 12 29.525
10 13 25.625826
10 14 33.8
10 15 174.7
11 0 13.97
11 1 22.1
11 2 31.2
11 3 28.2
11 4 28.8
11 5 29.4
11 6 130.07083
11 7 130.07083
11 8 27.807692
11 9 29.25
11 10 28.8
11 11 28.8
11 12 29.346666
11 13 25.625826
11 14 33.8
11 15 174.7
12 0 13.97
12 1 22.15
12 2 32.043335
12 3 28.72
12 4 29.04
12 5 29.075
12 6 29.42
12 7 29.505
12 8 29.505
12 9 29.505
12 10 29.42
12 11 29.621952
12 12 29.6975
12 13 29.62
12 14 29.525
12 15 25.625826
12 16 33.8
12 17 174.7
13 0 106.3
13 1 153.1
13 2 106.3
13 3 154.4
13 4 104.0
13 5 151.1
13 7 76.6
13 8 126.9
13 9 116.5
13 10 27.983334
13 11 27.983334
13 12 158.9
13 13 110.1
13 14 160.4
13 17 38.7
13 18 23.3
13 19 14.0
13 20 67.2
13 21 40.5
13 22 77.7
13 24 18.9
13 25 15.1
14 0 104.75
14 1 158.4
14 2 106.07183
14 3 155.5
14 4 104.577774
14 5 155.6
14 7 78.6
14 8 127.8
14 9 115.1
14 10 27.65
14 11 27.65
14 12 155.3
14 13 113.3
14 14 159.4
14 17 139.8
14 18 127.6
14 19 127.6
14 20 128.83
14 21 127.6
14 22 127.6
14 23 184.09972
14 25 140.4334
14 26 129.6427
14 27 14.607586
14 28 12.088572
14 30 62.7
15 0 106.07183
15 1 161.24286
15 2 111.843864
15 3 157.9
15 4 104.577774
15 5 170.4
15 7 156.1
15 8 113.96
15 9 158.625
15 12 138.34
15 13 127.2
15 14 128.1
15 15 128.83
15 16 128.1
15 17 127.2
15 18 24.766666
15 19 122.52378
15 20 132.67485
15 21 17.8
15 22 25.6
15 24 206.92728
15 26 54.2
15 27 26.2
15 28 23.0
15 29 23.0
16 0 164.55
16 1 99.3
16 2 162.3
16 3 104.8
16 4 158.0
16 5 93.95
16 7 152.5
16 8 123.19143
16 9 180.2
16 11 124.93158
16 12 128.59645
16 13 115.1
16 14 146.1
16 15 145.0
16 16 115.8
17 0 137.9
17 1 145.3
17 2 109.0
17 3 120.7
17 4 109.0
17 5 145.3
17 7 167.8
18 0 150.0
18 1 144.9
18 2 116.6
18 3 121.7
18 4 122.0
18 5 115.2
18 6 167.3
19 0 137.1
19 1 110.1
19 2 161.8
19 3 108.73637
19 4 155.7
19 5 107.3
19 7 145.21977
19 8 121.37143
19 9 181.71819
19 11 126.025
19 12 128.98
19 13 125.8
19 14 147.07632
19 16 27.863157
19 17 122.56506
19 18 133.68134
19 19 17.1
19 20 25.2
20 0 137.1
20 1 110.1
20 2 161.8
20 3 108.73637
20 4 155.7
20 5 107.3
20 7 145.21977
20 8 121.37143
20 9 181.71819
20 11 126.025
20 12 128.258
20 13 113.47143
20 14 145.21977
20 16 79.05
20 17 129.63959
20 18 121.38746
20 19 28.55
20 20 28.55
21 0 159.205
21 1 104.9925
21 2 158.04333
21 3 103.1
21 4 155.77676
21 5 94.19
21 7 136.5
21 8 121.37143
21 9 181.71819
21 11 115.942856
21 12 124.2
21 13 117.43636
21 14 144.24902
21 17 115.7975
21 18 127.6975
21 19 77.9825
21 21 28.27628
21 22 28.27628
22 0 136.2
22 1 110.1
22 2 161.8
22 3 108.73637
22 4 156.35
22 5 107.0
22 7 151.0
22 8 122.0
22 9 181.31429
22 11 115.375
22 12 148.13333
22 13 115.61818
22 14 113.02698
23 0 124.1
23 1 146.8
23 2 145.1
23 3 114.3
23 4 149.3
23 5 113.0
23 7 158.04
23 8 102.3
23 9 180.5
23 11 162.9
23 12 97.15
23 13 167.39
23 14 92.88
23 16 56.4
23 19 60.9
24 0 164.6
24 1 97.877975
24 2 163.07002
24 3 107.02
24 4 155.77676
24 5 93.2
24 7 151.0
24 8 122.0
24 9 181.28
24 11 115.375
24 12 148.13333
24 13 115.61818
24 14 113.02698
25 0 167.39
25 1 97.15
25 2 162.9
25 3 107.02
25 4 158.04
25 5 92.88
25 7 151.0
25 8 122.0
25 9 181.28
25 11 115.375
25 12 148.13333
25 13 115.61818
25 14 113.02698
25 18 56.4
26 0 159.205
26 1 104.9925
26 2 158.04333
26 3 103.1
26 4 155.77676
26 5 94.19
26 7 145.0
26 8 121.37143
26 9 181.71819
26 11 128.17245
26 12 107.6
26 13 147.35
26 14 131.525
26 18 115.7975
26 19 127.6975
26 20 77.9825
26 22 28.27628
26 23 28.27628
27 0 154.1
27 1 105.62727
27 2 158.04333
27 3 107.26613
27 4 144.2
27 5 118.8
27 6 41.2
27 7 149.52307
27 8 110.61154
27 9 28.88
27 10 28.88
27 12 145.21977
27 13 121.37143
27 14 181.28
27 16 128.17245
27 17 107.6
27 18 147.35
27 19 131.525
27 23 115.77454
27 24 127.15818
27 25 78.805305
27 27 27.484194
27 28 27.484194
28 0 167.73714
28 1 97.15
28 2 162.9
28 3 107.02
28 4 155.77676
28 5 93.01714
28 7 136.5
28 8 121.37143
28 9 181.71819
28 11 115.942856
28 12 124.2
28 13 117.43636
28 14 144.24902
28 18 56.4
29 0 137.1
29 1 110.1
29 2 161.8
29 3 108.73637
29 4 155.7
29 5 107.3
29 7 145.0
29 8 121.37143
29 9 181.71819
29 11 128.17245
29 12 107.6
29 13 147.35
29 14 131.525
30 0 164.6
30 1 97.877975
30 2 163.07002
30 3 107.02
30 4 155.77676
30 5 93.2
30 7 154.56857
30 8 122.0
30 9 181.28
30 11 108.4
30 12 145.40164
30 13 151.18
30 14 100.37013
31 0 137.49825
31 1 148.10568
31 2 109.5
31 3 138.20473
31 4 109.5
31 5 148.10568
31 7 56.36883
31 8 139.00235
31 9 127.07744
31 10 128.84439
31 11 126.7
31 12 128.84439
31 13 127.07744
31 15 56.36883
32 0 31.642105
32 1 71.50636
32 2 42.321053
32 3 140.8421
32 4 121.42857
32 5 31.982857
32 6 32.145714
32 7 50.37143
32 8 36.5
32 9 37.321053
32 10 18.194736
32 11 21.157143
32 12 39.914288
32 13 42.3
32 14 56.857143
32 15 24.3
32 16 28.3
32 17 56.1
32 18 36.3
32 19 34.0
32 20 26.4
32 21 46.05
32 22 28.95
32 23 19.2
32 24 19.2
32 25 23.0
32 26 12.3
32 27 18.8
32 28 15.171429
33 0 41.5
33 1 213.1
33 3 58.2
33 4 42.1
33 5 59.5
33 6 22.3
33 7 37.4
33 8 53.1
33 9 18.2
33 10 41.3
33 11 38.3
33 12 39.7
33 13 30.5
33 14 35.6
33 15 42.8
33 16 30.0
33 17 36.0
33 18 32.4
33 19 39.2
33 20 32.8
33 21 28.2
33 22 35.3
33 23 33.4
33 24 33.4
33 25 32.1
33 26 18.6
33 27 20.2
33 28 17.9
33 29 14.6
33 30 6.8
34 0 23.5
34 1 78.84081
34 2 37.8
34 3 55.6
34 4 37.4
34 5 38.1
34 6 49.2
34 7 39.1
34 8 41.0
34 9 18.6
34 10 164.75
34 11 116.7
34 12 35.6775
34 13 34.64
34 14 48.286777
34 15 37.4
34 16 33.4
34 17 17.35
34 18 22.5
34 19 41.900208
34 20 30.23268
34 21 33.75
34 22 37.31095
34 23 29.358572
34 24 29.358572
34 25 22.97963
34 26 26.15
34 27 15.5
34 28 21.898788
34 29 21.898788
35 0 164.6
35 1 99.0
35 2 161.4
35 3 103.6
35 4 159.4
35 5 94.2
35 7 164.63846
35 8 103.8
35 9 183.9
35 11 121.2
35 12 126.6
35 13 115.9
35 14 161.4
35 15 115.9
35 16 126.6
36 0 162.4
36 1 100.136
36 2 161.59
36 3 105.33923
36 4 157.408
36 5 95.224
36 7 146.6
36 8 136.6
36 9 175.26364
36 12 120.3
36 13 109.0
36 14 146.9
36 15 138.0
36 16 146.9
36 17 109.0
36 23 103.7
36 24 78.6
36 25 77.277145
36 26 69.695
36 27 78.39571
36 29 61.076668
37 0 115.77454
37 1 127.15818
37 2 78.805305
37 4 154.89627
37 5 105.62727
37 6 160.576
37 7 107.26613
37 8 154.89627
37 9 113.58679
37 10 41.773335
37 11 41.4
37 12 173.52422
37 15 52.017895
37 16 137.3125
37 17 127.15
37 18 128.7
37 19 127.5
37 20 128.7
37 21 127.15
37 23 77.3
37 24 45.8
37 25 192.2
37 27 9.05
37 28 15.95
37 30 27.484194
37 31 27.484194
38 0 166.13
38 1 96.92667
38 2 165.28
38 3 102.8
38 4 162.52
38 5 96.314285
38 7 82.7
38 8 55.03
38 9 197.6
38 11 108.8
38 12 165.6
38 13 97.5
38 14 160.42728
38 15 104.60555
38 16 154.89627
38 18 164.1909
38 19 103.7
38 20 182.55556
38 22 121.34286
38 23 128.6
38 24 116.0
38 25 161.4
38 26 116.0
38 27 128.6
38 31 128.9
38 32 129.2
38 33 115.0
38 34 158.42667
38 35 115.0
38 36 129.2
39 0 166.13
39 1 96.92667
39 2 165.28
39 3 102.8
39 4 162.52
39 5 96.314285
39 7 82.7
39 8 55.03
39 9 197.6
39 11 108.8
39 12 165.6
39 13 97.5
39 14 160.42728
39 15 104.60555
39 16 154.89627
39 18 166.6
39 19 102.7
39 20 182.55556
39 22 122.0
39 23 114.0
39 24 145.9
39 25 149.9
39 26 115.7
39 27 119.9
39 32 128.9
39 33 129.2
39 34 115.0
39 35 158.42667
39 36 115.0
39 37 129.2
40 0 154.155
40 1 103.01818
40 2 160.42728
40 3 104.60555
40 4 153.89711
40 5 114.316666
40 6 114.316666
40 7 154.155
40 8 103.01818
40 9 162.65
40 10 103.3
40 11 153.89711
40 13 79.833336
40 14 43.6
40 15 197.0
40 17 131.5
40 18 128.9
40 19 116.3
40 20 158.42667
40 21 116.3
40 22 128.9
40 27 164.1909
40 28 103.7
40 29 182.55556
40 31 121.34286
40 32 128.6
40 33 115.9
40 34 161.4
40 35 115.9
40 36 128.6
41 0 154.155
41 1 103.01818
41 2 162.65
41 3 103.3
41 4 153.89711
41 5 114.316666
41 6 114.316666
41 7 154.155
41 8 103.01818
41 9 162.65
41 10 103.3
41 11 153.89711
41 13 79.833336
41 14 43.71857
41 15 197.12308
41 17 131.7
41 18 128.56714
41 19 115.77857
41 20 157.66591
41 21 115.77857
41 22 128.56714
41 27 79.833336
41 28 43.71857
41 29 197.12308
41 31 131.7
41 32 128.56714
41 33 115.77857
41 34 157.66591
41 35 115.77857
41 36 128.56714
42 0 127.98287
42 1 124.44103
42 2 152.28316
42 3 114.14503
42 4 126.18489
42 5 123.69865
42 6 161.675
42 8 158.83076
42 9 104.84615
42 10 182.60834
42 12 104.1
42 13 161.4
42 14 99.0
42 15 164.6
42 16 95.00769
42 20 114.316666
42 21 152.51988
42 22 106.15714
42 23 158.04333
42 24 107.26613
42 25 152.51988
42 27 164.1909
42 28 103.7
42 29 180.54143
42 31 121.34286
42 32 128.6
42 33 115.9
42 34 161.4
42 35 115.9
42 36 128.6
42 39 115.85714
42 40 126.685715
42 41 78.805305
42 43 27.484194
42 44 27.484194
43 0 154.23334
43 1 113.84
43 2 118.1
43 3 153.89711
43 4 131.21579
43 5 115.3
43 6 16.366667
43 8 74.0
43 9 31.166666
43 10 22.337437
43 11 23.5
43 12 38.5
43 13 20.2
43 14 36.5
43 15 31.8
43 16 36.5
43 17 23.5
43 18 37.22
43 19 32.6
43 20 19.26
43 21 37.18
43 22 24.44
43 23 39.16
43 24 27.76
43 25 22.464285
43 26 22.464285
43 27 18.7
44 0 119.4
44 1 120.0
44 2 145.9
44 3 123.8
44 4 115.5
44 5 145.6
44 7 15.8
44 9 74.0
44 10 30.1
44 11 20.533333
44 12 38.5
44 13 20.2
44 14 36.5
44 15 31.8
44 16 18.7
44 17 36.5
44 18 23.5
44 19 37.22
44 20 32.6
44 21 19.26
44 22 37.18
44 23 24.44
44 24 39.16
44 25 27.76
44 26 22.464285
44 27 22.464285
44 28 23.5
44 29 11.0
45 0 112.2
45 1 118.0
45 2 147.7
45 3 125.7
45 4 121.6
45 5 146.1
45 7 11.9
45 8 11.8
45 10 80.0
45 11 31.166666
45 12 22.337437
45 13 27.317692
45 14 37.625
45 15 20.2
45 16 36.5
45 17 31.8
45 18 19.14
45 19 36.78
45 20 23.5
45 21 37.288822
45 22 32.723
45 23 19.460588
45 24 37.18
45 25 24.44
45 26 39.16
45 27 27.76
45 28 22.464285
45 29 22.464285
46 0 118.65
46 1 116.95
46 2 146.18
46 3 122.45
46 4 121.35
46 5 144.95
46 7 12.15
46 8 11.75
46 10 74.0
46 11 30.1
46 12 20.533333
46 13 38.5
46 14 20.2
46 15 36.5
46 16 31.8
46 17 36.5
46 18 23.5
46 19 37.22
46 20 32.6
46 21 37.18
46 22 24.44
46 23 39.16
46 24 27.76
46 25 22.464285
46 26 22.464285
46 27 18.7
46 28 18.7
46 29 23.5
46 30 11.2
47 0 97.0
47 1 164.8
47 2 103.4
47 3 165.4
47 4 96.2
47 5 168.5
47 8 80.7
47 9 44.1
47 10 197.7
47 12 130.9
47 13 128.56049
47 14 129.1
47 15 147.07632
47 16 148.99968
47 17 105.61
47 19 103.5
47 21 69.61857
47 22 83.125
47 23 74.022
47 24 71.8
47 28 103.746666
47 29 74.182106
47 30 76.2825
47 31 72.44
47 32 77.0375
47 34 61.1
47 39 18.113571
47 41 16.566668
48 0 160.576
48 1 107.10214
48 2 153.89711
48 3 101.5
48 4 156.6
48 5 112.3
48 6 158.625
48 9 139.0
48 10 127.3
48 11 128.1
48 12 128.83
48 13 128.1
48 14 127.3
48 15 170.4
48 16 106.1
48 17 208.2
48 19 46.6
48 20 17.7
48 21 13.9366665
48 23 119.5
48 24 141.2
48 25 34.4
48 26 23.4
48 27 23.4
49 0 159.3
49 1 103.8
49 2 154.8
49 3 102.7
49 4 155.3
49 5 113.3
49 6 159.4
49 9 139.8
49 10 127.6
49 11 127.6
49 12 128.83
49 13 127.6
49 14 127.6
49 15 155.6
49 16 105.4
49 17 115.2
49 18 127.8
49 19 78.6
49 21 27.65
49 22 27.65
49 23 191.5
49 25 45.8
49 26 9.05
49 27 77.3
49 29 15.95
50 0 153.1
50 1 106.3
50 2 154.4
50 3 103.258064
50 4 156.36667
50 5 113.03333
50 6 159.4
50 9 139.8
50 10 127.6
50 11 128.26
50 12 128.83
50 13 128.26
50 14 127.6
50 15 155.6
50 16 106.3
50 17 116.5
50 18 126.9
50 19 76.6
50 21 27.983334
50 22 27.983334
50 23 67.2
50 24 40.5
50 25 15.1
50 26 77.7
50 28 18.9
51 0 153.89711
51 1 104.75
51 2 153.89711
51 3 103.258064
51 4 156.36667
51 5 113.03333
51 6 159.4
51 9 139.8
51 10 127.6
51 11 128.26
51 12 128.83
51 13 128.26
51 14 127.6
51 15 153.89711
51 16 106.07183
51 17 184.09972
51 19 140.4334
51 20 129.6427
51 21 14.607586
51 22 12.088572
51 24 60.518547
51 25 116.20091
51 26 128.79231
51 27 77.8
51 29 27.9
51 30 27.9
52 0 152.51988
52 1 104.75
52 2 153.89711
52 3 104.577774
52 4 156.9
52 5 112.9
52 6 159.4
52 9 137.73846
52 10 127.52
52 11 128.26
52 12 128.83
52 13 128.26
52 14 127.52
52 15 153.89711
52 16 106.07183
52 17 201.69
52 19 44.96
52 20 75.73
52 21 16.44
52 23 9.62
52 24 116.20091
52 25 128.79231
52 26 77.8
52 28 27.9
52 29 27.9
53 0 160.228
53 1 107.06
53 2 157.9
53 3 104.577774
53 4 156.1
53 5 113.96
53 6 158.625
53 9 138.34
53 10 127.2
53 11 128.1
53 12 128.83
53 13 128.1
53 14 127.2
53 15 155.12195
53 16 107.26613
53 17 192.2
53 19 45.8
53 20 77.3
53 22 15.95
53 23 9.05
53 25 22.321053
53 26 122.512856
53 27 131.30714
53 28 18.25847
53 29 25.68247
54 0 161.24286
54 1 111.843864
54 2 157.9
54 3 104.577774
54 4 156.1
54 5 113.96
54 6 158.625
54 9 138.34
54 10 127.2
54 11 128.1
54 12 128.83
54 13 128.1
54 14 127.2
54 15 165.18
54 16 107.4
54 17 212.7
54 19 46.6
54 20 26.8
54 21 11.8714285
54 22 16.6
54 24 24.766666
54 25 122.52378
54 26 132.67485
54 27 17.8
54 28 25.6
55 0 161.24286
55 1 111.843864
55 2 157.9
55 3 104.577774
55 4 156.1
55 5 113.96
55 6 158.625
55 9 138.34
55 10 127.2
55 11 128.1
55 12 128.83
55 13 128.1
55 14 127.2
55 15 165.18
55 16 107.4
55 17 209.55429
55 19 40.381428
55 20 18.69143
55 21 18.69143
55 23 24.766666
55 24 122.52378
55 25 132.67485
55 26 17.8
55 27 25.6
56 0 153.89711
56 1 104.75
56 2 153.89711
56 3 101.5
56 4 156.6
56 5 112.3
56 6 158.625
56 9 139.0
56 10 127.3
56 11 128.1
56 12 128.83
56 13 128.1
56 14 127.3
56 15 155.12195
56 16 106.07183
56 17 206.2
56 19 54.2
56 20 26.2
56 21 22.7
56 22 22.7
56 24 116.20091
56 25 128.79231
56 26 77.8
56 28 27.9
56 29 27.9
57 0 153.89711
57 1 104.75
57 2 153.89711
57 3 101.5
57 4 156.6
57 5 112.3
57 6 158.625
57 9 139.0
57 10 127.3
57 11 128.1
57 12 128.83
57 13 128.1
57 14 127.3
57 15 155.12195
57 16 106.07183
57 17 200.52
57 19 46.244
57 20 26.936
57 21 11.82
57 22 16.532
57 24 116.20091
57 25 128.79231
57 26 77.8
57 28 27.9
57 29 27.9
58 0 153.89711
58 1 104.75
58 2 153.89711
58 3 101.5
58 4 156.6
58 5 112.3
58 6 158.625
58 9 139.0
58 10 127.3
58 11 128.1
58 12 128.83
58 13 128.1
58 14 127.3
58 15 155.12195
58 16 106.07183
58 17 209.55429
58 19 40.381428
58 20 18.69143
58 21 18.69143
58 23 116.20091
58 24 128.79231
58 25 77.8
58 27 27.9
58 28 27.9
59 0 160.8
59 1 109.785774
59 2 157.9
59 3 104.577774
59 4 156.1
59 5 113.96
59 6 158.625
59 9 138.34
59 10 127.2
59 11 128.1
59 12 128.83
59 13 128.1
59 14 127.2
59 15 155.12195
59 16 107.26613
59 17 205.90909
59 19 53.6
59 20 25.5
59 21 22.7
59 22 22.7
59 24 27.3
59 25 94.0
59 27 71.68
59 29 25.06
59 30 25.06
60 0 160.8
60 1 109.785774
60 2 157.9
60 3 104.577774
60 4 156.1
60 5 113.96
60 6 158.625
60 9 138.34
60 10 127.2
60 11 128.1
60 12 128.83
60 13 128.1
60 14 127.2
60 15 155.12195
60 16 107.26613
60 17 200.95358
60 19 46.244
60 20 26.936
60 21 11.82
60 22 16.532
60 24 27.3
60 25 94.0
60 27 72.4
60 29 25.3
60 30 25.3
61 0 160.8
61 1 109.785774
61 2 157.9
61 3 104.577774
61 4 156.1
61 5 113.96
61 6 158.625
61 9 138.34
61 10 127.2
61 11 128.1
61 12 128.83
61 13 128.1
61 14 127.2
61 15 155.12195
61 16 107.26613
61 17 211.7
61 19 39.9
61 20 19.6
61 21 19.6
61 23 27.3
61 24 94.0
61 26 71.68
61 28 25.06
61 29 25.06
62 0 160.8
62 1 109.785774
62 2 157.9
62 3 104.577774
62 4 156.1
62 5 113.96
62 6 158.625
62 9 138.34
62 10 127.2
62 11 128.1
62 12 128.83
62 13 128.1
62 14 127.2
62 15 155.12195
62 16 107.26613
62 17 206.5
62 19 46.555
62 20 18.185
62 21 13.9366665
62 23 27.3
62 24 91.36667
62 26 72.4
62 28 25.3
62 29 25.3
63 0 166.7
63 1 104.25
63 2 156.2
63 3 100.4
63 4 154.1
63 5 112.3
63 6 159.0
63 9 138.3
63 10 127.3
63 11 128.7
63 12 128.83
63 13 128.7
63 14 127.3
63 15 157.0
63 16 112.1
63 17 21.5
63 18 121.1
63 19 133.7
63 20 18.25847
63 21 25.68247
63 23 206.92728
63 25 54.2
63 26 26.2
63 27 23.0
63 28 23.0
64 0 166.4
64 1 104.0
64 2 157.5
64 3 101.3
64 4 155.35
64 5 112.3
64 6 159.0
64 9 138.3
64 10 127.3
64 11 128.7
64 12 128.83
64 13 128.7
64 14 127.3
64 15 157.0
64 16 113.2
64 17 21.8
64 18 121.1
64 19 133.7
64 20 18.25847
64 21 25.68247
64 23 210.1
64 25 47.0
64 26 27.0
64 27 11.8714285
64 28 16.6
65 0 199.88588
65 2 39.323273
65 3 172.10869
65 4 123.13333
65 5 43.185715
65 6 35.213333
65 7 169.64107
65 10 136.2
65 11 127.5576
65 12 128.65239
65 13 126.8
65 14 128.65239
65 15 127.5576
65 16 168.4098
65 17 108.85
65 18 201.56485
65 20 44.3
65 21 25.3
65 22 11.1
65 23 15.595653
65 25 40.82135
65 26 120.05958
65 27 134.13504
65 28 18.47907
65 29 25.344187
65 30 40.82135
65 31 120.05958
65 32 134.13504
65 33 18.47907
65 34 25.344187
66 0 159.65
66 1 106.07183
66 2 165.18
66 3 103.258064
66 4 154.76666
66 5 104.75
66 6 115.1
66 7 127.8
66 8 79.31333
66 10 27.65
66 11 27.65
66 12 154.52856
66 13 116.76295
66 14 170.13852
66 17 137.73846
66 18 127.52
66 19 128.26
66 20 128.83
66 21 128.26
66 22 127.52
66 24 192.2
66 26 45.8
66 27 77.3
66 29 15.95
66 30 9.05
67 0 160.576
67 1 107.26613
67 2 154.89627
67 3 113.58679
67 4 154.89627
67 5 105.62727
67 6 115.77454
67 7 127.15818
67 8 78.805305
67 10 27.484194
67 11 27.484194
67 12 41.773335
67 13 137.3125
67 14 127.15
67 15 128.7
67 16 127.5
67 17 128.7
67 18 127.15
67 19 41.4
67 20 173.52422
67 23 52.017895
67 25 77.3
67 26 45.8
67 27 192.2
67 29 9.05
67 30 15.95
68 0 29.727325
68 1 74.26923
68 3 162.17216
68 5 128.69884
68 6 124.2
68 8 18.56559
68 9 131.13542
68 10 123.19548
68 12 18.56559
69 0 128.17245
69 1 107.6
69 2 147.35
69 3 131.525
69 4 145.0
69 5 121.37143
69 6 181.71819
69 8 103.1
69 9 155.77676
69 11 93.74298
69 12 161.6782
69 13 104.3
69 14 163.8
69 16 50.27246
69 17 88.23044
69 19 14.0
69 20 25.29683
69 21 25.29683
70 0 115.375
70 1 122.0
70 2 151.0
70 3 113.02698
70 4 115.61818
70 5 148.13333
70 8 155.77676
70 9 103.1
70 10 181.28
70 12 158.04333
70 13 104.9925
70 14 159.205
70 15 94.19
70 17 77.9825
70 18 127.6975
70 19 115.7975
70 20 28.27628
70 21 28.27628
71 0 165.3
71 1 98.1
71 2 161.1
71 3 105.181816
71 4 157.05455
71 5 92.9
71 7 161.675
71 8 104.1
71 9 182.60834
71 11 123.69865
71 12 127.98287
71 13 124.44103
71 14 152.28316
71 15 114.14503
71 16 126.18489
71 18 114.316666
71 19 152.51988
71 20 106.15714
71 21 158.04333
71 22 107.26613
71 23 152.51988
71 25 164.1909
71 26 103.7
71 27 180.54143
71 29 121.34286
71 30 128.1345
71 31 114.613335
71 32 162.23334
71 33 114.613335
71 34 128.1345
71 36 56.57
71 38 115.85714
71 39 126.685715
71 40 78.805305
71 42 27.484194
71 43 27.484194
71 46 56.4
72 0 165.3
72 1 98.1
72 2 161.1
72 3 105.181816
72 4 157.05455
72 5 92.9
72 7 161.675
72 8 104.1
72 9 182.60834
72 11 123.69865
72 12 127.98287
72 13 124.44103
72 14 152.535
72 15 112.04634
72 16 126.18489
72 18 55.871113
72 19 114.316666
72 20 152.51988
72 21 106.15714
72 22 158.04333
72 23 107.26613
72 24 152.51988
72 26 164.1909
72 27 103.7
72 28 180.54143
72 30 121.34286
72 31 128.6
72 32 115.9
72 33 161.4
72 34 115.9
72 35 128.6
72 38 115.85714
72 39 126.685715
72 40 78.805305
72 42 27.484194
72 43 27.484194
72 46 56.4
73 0 165.3
73 1 98.1
73 2 161.1
73 3 105.181816
73 4 157.05455
73 5 92.9
73 7 161.675
73 8 104.1
73 9 182.60834
73 11 123.69865
73 12 127.98287
73 13 124.44103
73 14 152.535
73 15 112.04634
73 16 126.18489
73 18 55.871113
73 19 114.316666
73 20 152.51988
73 21 106.15714
73 22 158.04333
73 23 107.26613
73 24 152.51988
73 26 164.1909
73 27 103.7
73 28 180.54143
73 30 121.34286
73 31 128.1345
73 32 114.613335
73 33 162.23334
73 34 114.613335
73 35 128.1345
73 37 56.57
73 39 115.85714
73 40 126.685715
73 41 78.805305
73 43 27.484194
73 44 27.484194
73 47 56.4
74 0 164.6
74 1 99.0
74 2 161.4
74 3 104.84615
74 4 158.83076
74 5 95.00769
74 7 161.675
74 8 104.1
74 9 182.60834
74 11 123.69865
74 12 127.98287
74 13 115.1
74 14 152.28316
74 15 114.14503
74 16 126.18489
74 18 116.59
74 19 153.89711
74 21 164.1909
74 22 103.7
74 23 182.58556
74 25 106.07183
74 26 161.24286
74 27 113.2
74 28 159.68246
74 30 21.8
74 31 121.1
74 32 133.7
74 33 18.25847
74 34 25.68247
74 36 121.34286
74 37 128.77142
74 38 115.9
74 39 161.4
74 40 115.9
74 41 128.77142
75 0 164.6
75 1 99.0
75 2 161.4
75 3 104.84615
75 4 158.83076
75 5 95.00769
75 7 161.675
75 8 104.1
75 9 182.60834
75 11 123.69865
75 12 127.98287
75 13 115.1
75 14 152.28316
75 15 114.14503
75 16 126.18489
75 18 116.59
75 19 153.89711
75 21 164.1909
75 22 103.7
75 23 182.58556
75 25 106.07183
75 26 161.24286
75 27 109.8
75 28 159.68246
75 30 28.5
75 31 77.4
75 33 146.4
75 34 110.6
75 35 18.5
75 37 121.34286
75 38 128.6
75 39 115.9
75 40 161.4
75 41 115.9
75 42 128.6
76 0 166.13
76 1 96.92667
76 2 165.28
76 3 102.8
76 4 162.52
76 5 96.314285
76 7 82.7
76 8 55.03
76 9 197.6
76 11 108.8
76 12 165.6
76 13 97.5
76 14 163.07002
76 15 107.26613
76 16 154.89627
76 18 154.66855
76 19 137.475
76 20 176.7
76 23 122.61731
76 24 122.71935
76 25 115.740906
76 26 148.78
76 27 145.46364
76 28 116.13636
76 33 128.9
76 34 129.2
76 35 115.0
76 36 158.42667
76 37 115.0
76 38 129.2
77 1 77.7
77 2 40.190323
77 3 84.95122
77 4 107.63333
77 5 153.1
77 6 106.3
77 7 151.1
77 8 104.0
77 9 154.4
77 11 160.4
77 13 110.1
77 14 158.9
77 15 38.7
77 16 23.3
77 17 14.0
77 19 76.6
77 20 126.9
77 21 116.5
77 22 27.983334
77 23 27.983334
77 25 170.83636
77 27 21.057142
77 28 15.1
77 29 18.9
78 1 77.7
78 2 35.275
78 3 84.95122
78 4 108.50667
78 5 153.1
78 6 106.3
78 7 151.1
78 8 104.0
78 9 154.4
78 11 160.4
78 13 110.1
78 14 158.9
78 15 38.7
78 16 23.3
78 17 14.0
78 19 76.6
78 20 126.9
78 21 116.5
78 22 27.983334
78 23 27.983334
78 25 170.83636
78 27 21.057142
78 28 12.6875
78 29 18.9
79 0 153.1
79 1 106.3
79 2 151.1
79 3 104.0
79 4 154.4
79 5 106.3
79 6 67.2
79 7 40.5
79 8 77.7
79 10 18.9
79 11 15.1
79 14 160.4
79 16 110.1
79 17 158.9
79 18 38.7
79 19 23.3
79 20 14.0
79 22 76.6
79 23 126.9
79 24 116.5
79 25 27.983334
79 26 27.983334
80 0 153.1
80 1 106.3
80 2 151.1
80 3 104.0
80 4 154.4
80 5 106.3
80 6 67.2
80 7 40.5
80 8 77.7
80 10 18.9
80 11 15.1
80 14 160.4
80 16 110.1
80 17 158.9
80 18 38.7
80 19 23.3
80 20 14.0
80 22 76.6
80 23 126.9
80 24 116.5
80 25 27.983334
80 26 27.983334
81 0 127.6
81 1 127.6
81 2 139.8
81 3 127.6
81 4 127.6
81 5 128.83
81 6 155.3
81 7 104.577774
81 8 155.5
81 10 159.4
81 12 113.3
81 13 104.1
81 14 160.7
81 15 106.15714
81 16 156.31429
81 18 79.31333
81 19 126.685715
81 20 115.85714
81 21 27.983334
81 22 27.983334
81 24 198.9
81 26 140.3
81 27 128.2
81 28 127.97143
81 29 132.4
81 30 127.97143
81 31 128.2
82 1 77.7
82 2 40.5
82 3 84.95122
82 4 107.63333
82 5 153.1
82 6 106.3
82 7 151.1
82 8 104.0
82 9 154.4
82 11 160.4
82 13 110.1
82 14 158.9
82 15 38.7
82 16 23.3
82 17 14.0
82 19 76.6
82 20 126.9
82 21 116.5
82 22 27.983334
82 23 27.983334
82 25 58.137547
82 26 15.1
82 27 18.9
83 1 77.7
83 2 36.471428
83 3 84.95122
83 4 108.50667
83 5 153.1
83 6 106.3
83 7 151.1
83 8 104.0
83 9 154.4
83 11 160.4
83 13 110.1
83 14 158.9
83 15 38.7
83 16 23.3
83 17 14.0
83 19 76.6
83 20 126.9
83 21 116.5
83 22 27.983334
83 23 27.983334
83 25 58.137547
83 26 12.6875
83 27 18.9
84 0 158.9448
84 1 100.69067
84 2 162.9
84 3 102.3
84 4 158.04
84 5 99.47704
84 7 156.06686
84 8 107.02
84 9 184.98
84 11 158.95126
84 12 116.21466
84 13 146.425
84 14 111.9225
84 15 21.725
84 19 65.375
84 20 119.575
84 21 138.925
84 22 19.3
84 23 26.6
85 0 147.35715
85 1 114.8
85 2 175.0
85 4 120.5
85 5 155.6
85 7 118.3
85 8 134.705
85 9 124.78375
85 10 125.9
85 11 106.92087
85 12 148.10568
85 13 142.0
85 14 146.8
85 16 61.1
85 19 56.36883
86 0 106.07183
86 1 155.77676
86 3 136.5
86 4 119.453995
86 5 183.44794
86 7 126.41421
86 8 124.2
86 9 117.43636
86 10 144.24902
86 12 93.01714
86 13 164.33461
86 14 92.2
86 15 161.26256
86 17 56.19282
86 19 55.8
87 0 106.07183
87 1 153.07231
87 3 136.5
87 4 119.453995
87 5 183.44794
87 7 126.41421
87 8 124.2
87 9 117.43636
87 10 144.24902
87 12 107.08182
87 13 134.21428
87 14 102.95
87 15 158.925
87 17 55.825
88 0 153.6
88 1 106.07183
88 2 181.28
88 4 122.0
88 5 144.7
88 7 145.5
88 8 120.52857
88 9 124.2
88 10 116.0
88 12 161.0
88 13 108.2
88 14 155.12195
88 15 111.25
88 16 22.1
88 17 121.0
88 18 134.0
88 19 17.8
88 20 25.6
88 22 21.2
88 23 123.1
88 24 131.81429
88 25 17.8
88 26 25.6
89 0 24.185715
89 1 80.87
89 2 37.91
89 3 55.6
89 4 36.6
89 5 37.5
89 6 47.4885
89 7 39.185715
89 8 32.7245
89 9 18.6
89 10 41.92
89 11 139.0
89 12 125.44
89 13 22.985714
89 14 53.1
89 15 48.4
89 16 23.9
89 17 28.2
89 18 36.8
89 19 30.7
89 20 38.9
89 21 39.2
89 22 16.9
89 23 20.95
89 24 180.3
89 27 22.69
89 28 16.585714
89 29 15.676923
89 30 22.42
89 31 22.42
89 33 170.7931
89 35 21.208334
90 0 41.5
90 1 213.1
90 3 58.2
90 4 42.1
90 5 59.5
90 6 22.3
90 7 37.4
90 8 53.1
90 9 18.2
90 10 41.3
90 11 37.91
90 12 39.03
90 13 29.54
90 14 35.6
90 15 39.26
90 16 35.02
90 17 29.04
90 18 31.1
90 19 31.27
90 20 33.17
90 21 27.8
90 22 34.29
90 23 33.285
90 24 33.285
90 25 67.32
90 27 18.99
90 28 18.61
90 29 17.9
90 30 14.6
90 31 6.8
91 0 70.9
91 1 210.552
91 3 48.2
91 4 42.1
91 5 48.286777
91 6 34.69875
91 7 37.46642
91 8 52.688572
91 9 18.2
91 10 41.3
91 11 38.3
91 12 39.7
91 13 29.647112
91 14 33.9
91 15 42.8
91 16 30.0
91 17 36.0
91 18 32.4
91 19 39.2
91 20 32.8
91 21 28.2
91 22 35.3
91 23 33.4
91 24 33.4
91 25 32.1
91 26 18.6
91 27 20.2
91 28 16.592112
91 29 14.6
91 30 9.833333
92 0 70.9
92 1 210.552
92 3 53.228573
92 4 42.1
92 5 48.286777
92 6 34.69875
92 7 37.46642
92 8 52.688572
92 9 18.2
92 10 41.3
92 11 37.91
92 12 39.03
92 13 29.647112
92 14 33.9
92 15 39.26
92 16 35.02
92 17 29.04
92 18 31.1
92 19 31.27
92 20 33.17
92 21 27.8
92 22 34.29
92 23 33.285
92 24 33.285
92 25 67.32
92 27 18.99
92 28 18.61
92 29 16.592112
92 30 14.6
92 31 9.833333
93 0 155.77676
93 1 104.0
93 2 182.12
93 4 110.14
93 5 152.47
93 7 102.44
93 8 150.94
93 9 135.76
93 10 121.5
93 11 120.99
93 12 132.31
93 13 77.43
93 15 26.845
93 16 26.845
93 18 161.5
93 19 111.1
93 20 163.8
93 21 93.5
93 23 21.9
93 24 123.00714
93 25 132.33888
93 26 17.8
93 27 25.6
94 0 154.89627
94 1 107.26613
94 2 161.24286
94 3 103.7
94 4 152.51988
94 5 104.25
94 6 42.35579
94 7 35.213333
94 8 169.64107
94 11 33.3
94 12 20.45
94 13 20.45
94 14 22.1
94 15 121.8
94 16 132.7
94 17 18.25847
94 18 25.68247
94 20 201.69
94 22 45.8
94 23 77.3
94 25 15.95
94 26 9.05
95 0 160.67334
95 1 109.6
95 2 161.24286
95 3 104.0
95 4 155.5
95 5 104.577774
95 6 156.5
95 7 108.9
95 8 159.2
95 11 77.9
95 12 27.8
95 13 10.5
95 15 209.55429
95 17 40.381428
95 18 18.69143
95 19 18.69143
95 21 27.066668
95 22 91.0
95 24 71.0
95 26 24.7
95 27 24.7
96 0 160.67334
96 1 109.6
96 2 161.24286
96 3 104.25
96 4 157.1
96 5 104.577774
96 6 156.5
96 7 108.9
96 8 159.2
96 11 77.9
96 12 27.8
96 13 10.5
96 15 206.3
96 17 46.65
96 18 18.1
96 19 13.8
96 21 27.066668
96 22 91.0
96 24 71.0
96 26 24.7
96 27 24.7
97 0 160.67334
97 1 109.6
97 2 161.24286
97 3 104.25
97 4 157.1
97 5 104.577774
97 6 156.5
97 7 108.9
97 8 159.2
97 11 77.9
97 12 27.8
97 13 10.5
97 15 206.92728
97 17 54.2
97 18 26.2
97 19 23.0
97 20 23.0
97 22 27.066668
97 23 91.0
97 25 71.0
97 27 24.7
97 28 24.7
98 0 160.67334
98 1 109.6
98 2 161.24286
98 3 104.0
98 4 155.5
98 5 104.577774
98 6 156.5
98 7 108.9
98 8 159.2
98 11 77.9
98 12 27.8
98 13 10.5
98 15 210.1
98 17 47.0
98 18 27.0
98 19 11.8714285
98 20 16.6
98 22 27.066668
98 23 91.0
98 25 71.0
98 27 24.7
98 28 24.7
99 0 107.6
99 1 147.35
99 2 131.525
99 3 145.0
99 4 121.37143
99 5 128.17245
99 6 181.71819
99 8 103.1
99 9 156.2
99 11 93.5
99 12 163.8
99 13 111.1
99 14 161.24286
99 16 21.9
99 17 123.00714
99 18 132.33888
99 19 17.8
99 20 25.6
100 0 97.877975
100 1 164.6
100 2 93.2
100 3 155.77676
100 4 107.02
100 5 163.07002
100 7 181.71819
100 9 121.37143
100 10 145.0
100 12 131.525
100 13 147.35
100 14 107.6
100 15 128.17245
101 0 121.35
101 1 113.36385
101 2 139.55
101 3 145.21977
101 4 121.37143
101 5 115.942856
101 6 181.28
101 8 107.26613
101 9 144.2
101 11 118.8
101 12 154.1
101 13 105.62727
101 14 158.04333
101 16 115.77454
101 17 127.15818
101 18 78.805305
101 20 27.484194
101 21 27.484194
101 22 41.2
101 23 149.52307
101 24 110.61154
101 25 28.88
101 26 28.88
101 28 168.0
101 30 20.2
102 0 154.89627
102 1 107.26613
102 2 155.12195
102 3 105.62727
102 4 154.89627
102 5 104.25
102 6 40.448235
102 7 30.556932
102 8 20.471428
102 9 14.157143
102 10 35.90517
102 11 175.42923
102 15 78.805305
102 16 127.15818
102 17 115.77454
102 18 27.484194
102 19 27.484194
102 21 192.2
102 23 45.8
102 24 77.3
102 26 15.95
102 27 9.05
103 0 30.78
103 1 68.1
103 2 40.9
103 3 37.216797
103 4 48.286777
103 5 20.7
103 6 41.51534
103 7 53.1
103 8 17.4
103 9 35.8
103 10 38.3
103 11 39.7
103 12 30.5
103 13 35.205715
103 14 42.8
103 15 30.0
103 16 36.0
103 17 32.4
103 18 39.2
103 19 32.8
103 20 28.2
103 21 35.3
103 22 33.4
103 23 33.4
103 24 32.1
103 25 18.6
103 26 20.2
103 27 13.906505
103 28 16.592112
103 29 13.1
104 0 200.44409
104 2 121.75445
104 3 168.4098
104 4 109.2421
104 5 174.39796
104 6 59.2
104 7 36.028927
104 8 118.73333
104 9 134.8
104 10 18.4
104 11 26.2
104 12 41.900208
104 13 44.3
104 14 33.0
104 15 122.95
104 16 131.9
104 17 22.072727
104 18 22.072727
104 19 148.25
104 20 111.8
104 21 18.15
104 23 76.23333
104 24 45.8
104 25 198.48334
104 27 11.033334
104 28 18.71421
104 30 43.185715
104 31 35.90517
104 32 175.42923
104 35 139.29
104 36 127.8
104 37 128.7
104 38 127.425
104 39 128.7
104 40 127.8
105 0 200.44409
105 2 121.75445
105 3 168.4098
105 4 109.2421
105 5 174.39796
105 6 59.2
105 7 36.028927
105 8 118.73333
105 9 135.2889
105 10 20.116522
105 11 24.985218
105 12 41.900208
105 13 44.3
105 14 33.0
105 15 122.95
105 16 131.9
105 17 22.072727
105 18 22.072727
105 19 148.25
105 20 111.8
105 21 18.15
105 23 76.54115
105 24 45.8
105 25 198.48334
105 27 14.4
105 28 18.388
105 30 30.8
105 31 33.9
105 32 20.5
105 33 14.0
105 34 37.7
105 35 174.0
106 0 154.89627
106 1 107.26613
106 2 155.12195
106 3 105.62727
106 4 154.89627
106 5 113.58679
106 6 40.448235
106 7 35.90517
106 8 175.42923
106 11 30.556932
106 12 20.471428
106 13 14.157143
106 15 78.805305
106 16 127.15818
106 17 115.77454
106 18 27.484194
106 19 27.484194
106 21 192.2
106 23 45.8
106 24 77.3
106 26 15.95
106 27 9.05
107 0 154.89627
107 1 107.26613
107 2 153.89711
107 3 110.08
107 4 154.89627
107 5 113.58679
107 6 40.448235
107 7 35.90517
107 8 175.42923
107 11 30.556932
107 12 20.471428
107 13 14.157143
107 15 78.805305
107 16 124.92667
107 17 118.46
107 18 27.484194
107 19 27.484194
107 21 169.3
107 23 20.4
107 24 192.2
107 26 45.8
107 27 77.3
107 29 15.95
107 30 9.05
108 0 154.89627
108 1 107.26613
108 2 160.576
108 3 105.62727
108 4 154.89627
108 5 113.58679
108 6 40.448235
108 7 35.90517
108 8 173.52422
108 11 52.017895
108 12 30.556932
108 13 20.471428
108 14 14.157143
108 16 78.805305
108 17 127.15818
108 18 115.77454
108 19 27.484194
108 20 27.484194
108 22 192.2
108 24 45.8
108 25 77.3
108 27 15.95
108 28 9.05
109 0 69.0
109 1 48.3
109 2 43.0
109 3 37.5
109 4 40.514294
109 5 174.39796
109 6 119.1
109 7 193.5
109 9 181.86206
109 11 129.1
109 12 126.8
109 13 115.128
109 14 151.51
109 15 145.448
109 16 115.86429
109 20 78.7
109 21 46.752632
109 22 40.02069
109 23 30.897356
109 24 122.45037
109 25 133.81645
109 26 18.79613
109 27 26.009033
109 28 25.653334
109 29 25.653334
109 30 206.3
109 32 27.9
109 33 122.5
109 34 133.6
109 35 17.8
109 36 25.9
109 37 24.7
109 38 24.7
109 39 26.6
109 40 119.8
109 41 135.0
109 42 18.3
109 43 26.0
110 0 154.89627
110 1 107.26613
110 2 161.24286
110 3 103.7
110 4 152.51988
110 5 113.58679
110 6 39.97
110 7 35.213333
110 8 169.64107
110 11 30.556932
110 12 20.471428
110 13 14.157143
110 14 22.1
110 15 121.8
110 16 132.7
110 17 18.25847
110 18 25.68247
110 20 201.69
110 22 45.8
110 23 77.3
110 25 15.95
110 26 9.05
111 0 35.23233
111 1 217.78572
111 3 47.4
111 4 55.0
111 5 37.216797
111 6 38.47647
111 7 49.15
111 8 39.1
111 9 36.844563
111 10 20.707088
111 11 164.75
111 12 116.75
111 13 35.6775
111 14 34.64
111 15 48.286777
111 16 37.4
111 17 33.4
111 18 17.35
111 19 22.5
111 20 41.900208
111 21 30.23268
111 22 33.75
111 23 37.31095
111 24 29.358572
111 25 29.358572
111 26 22.97963
111 27 26.15
111 28 15.540957
111 29 23.85
111 30 23.85
112 0 127.6975
112 1 115.73
112 2 104.485
112 3 159.205
112 5 77.9825
112 6 28.27628
112 7 28.27628
112 8 94.19
112 9 155.66
112 10 103.78
112 11 159.56
112 13 183.44794
112 15 110.14
112 16 157.7
112 18 113.02698
112 19 113.02698
112 20 156.06686
112 21 118.133965
112 22 120.096664
112 23 132.53667
112 24 76.13333
112 26 27.466667
112 27 27.466667
113 0 108.73637
113 1 155.7
113 3 136.5
113 4 121.37143
113 5 181.71819
113 7 115.942856
113 8 124.2
113 9 117.43636
113 10 144.24902
113 12 107.3
113 13 137.1
113 14 110.1
113 15 161.8
114 0 111.75
114 1 153.07231
114 3 136.5
114 4 119.453995
114 5 183.44794
114 7 126.41421
114 8 124.2
114 9 117.43636
114 10 144.24902
114 12 113.0
114 13 124.1
114 14 146.8
114 15 145.1
114 17 60.9
115 0 155.7
115 1 108.73637
115 2 181.71819
115 4 121.85
115 5 145.0
115 7 134.675
115 8 140.1
115 9 151.83951
115 10 106.92087
115 12 56.2976
115 14 60.4
115 16 161.8
115 17 110.1
115 18 137.1
115 19 107.3
116 0 111.75
116 1 149.3
116 3 155.13333
116 4 122.081665
116 5 173.0
116 7 126.486664
116 8 124.29833
116 9 135.55
116 10 117.53333
116 11 113.0
116 12 124.1
116 13 146.8
116 14 145.1
116 16 60.9
117 0 177.1
117 2 121.3
117 3 156.1
117 5 151.0
117 6 122.0
117 7 115.375
117 8 148.13333
117 9 115.61818
117 10 113.02698
117 12 118.066666
117 13 135.55
117 14 124.78375
117 15 126.6
118 0 123.2
118 1 145.6
118 2 121.1
118 3 118.3
118 4 147.06667
118 5 121.6
118 6 12.2
118 8 74.7
118 9 31.0
118 10 20.533333
118 11 25.6
118 12 37.9
118 13 23.237381
118 14 124.78451
118 15 134.61852
118 16 16.974073
118 17 39.7
118 18 26.8
118 19 123.6
118 20 134.2
118 21 15.83
118 22 39.2
118 23 26.5
118 24 124.025
118 25 130.535
118 26 17.45
118 27 25.325
118 28 12.1
118 30 13.2
119 0 153.89711
119 1 118.1
119 2 22.337437
119 3 31.166666
119 4 74.7
119 6 37.9
119 7 22.873636
119 8 124.78451
119 9 134.61852
119 10 39.7
119 11 26.95
119 12 124.89
119 13 134.2
119 14 39.2
119 15 26.5
119 16 124.025
119 17 130.535
119 18 17.45
119 19 25.325
119 20 15.83
119 21 15.5
119 22 25.6
119 23 113.84
119 24 154.23334
119 25 115.3
119 26 131.21579
119 27 16.366667
120 0 127.1
120 1 146.1
120 2 112.2
120 3 118.1
120 4 153.89711
120 5 125.846954
120 6 12.190434
120 8 78.0
120 9 31.166666
120 10 22.337437
120 11 40.4
120 12 22.873636
120 13 124.78451
120 14 134.61852
120 15 39.7
120 16 26.95
120 17 124.89
120 18 134.2
120 19 39.2
120 20 26.5
120 21 124.025
120 22 130.535
120 23 17.45
120 24 25.325
120 25 15.83
120 26 15.5
120 27 23.9
120 29 11.9
121 0 43.0
121 1 46.708736
121 2 69.0
121 3 213.54378
121 5 57.35
121 6 213.54378
121 8 61.6
121 9 45.4
121 10 207.9
121 12 35.087143
121 13 123.42051
121 14 136.04445
121 15 39.6
121 16 26.5
121 17 124.025
121 18 130.535
121 19 17.45
121 20 25.325
121 21 15.9
121 22 36.028927
121 23 119.8
121 24 135.0
121 25 18.3
121 26 26.0
121 27 20.436237
121 28 20.436237
121 29 27.9
121 30 122.5
121 31 133.6
121 32 17.8
121 33 25.9
122 0 130.07083
122 1 130.07083
122 2 27.807692
122 3 29.25
122 4 29.5
122 5 29.2
122 6 29.247059
122 7 32.043335
122 8 22.15
122 9 13.97
122 10 27.807692
122 11 29.25
122 12 29.071428
122 13 29.23294
122 14 29.628414
122 15 29.62
122 16 29.525
122 17 25.625826
122 18 33.8
122 19 174.7
123 0 147.35
123 1 115.40336
123 2 128.43651
123 3 117.35691
123 4 145.21977
123 5 131.525
123 8 159.69048
123 10 113.15833
123 11 156.01538
123 12 137.73846
123 13 127.52
123 14 128.26
123 15 128.83
123 16 128.26
123 17 127.52
124 0 200.44409
124 2 59.2
124 3 184.6
124 4 109.2421
124 5 158.25714
124 6 121.75445
124 7 30.8
124 8 37.7
124 9 174.0
124 12 33.9
124 13 20.5
124 14 14.0
124 16 76.54115
124 17 44.96
124 18 197.08667
124 20 10.743636
124 21 18.388
124 23 36.028927
124 24 118.73333
124 25 135.2889
124 26 20.116522
124 27 24.985218
124 28 41.900208
124 29 41.2
124 30 29.4
124 31 35.215946
124 32 145.31143
124 33 110.16
124 34 22.7
124 35 147.73514
124 36 109.961205
124 37 21.23
125 0 154.89627
125 1 117.1
125 2 181.71819
125 4 103.1
125 5 157.0
125 7 93.9
125 8 159.6
125 9 104.9925
125 10 158.04333
125 12 115.7975
125 13 127.6975
125 14 77.9825
125 16 28.27628
125 17 28.27628
125 18 108.4
125 19 143.96571
125 20 147.07632
125 21 118.8
125 22 22.4
125 23 123.4
125 24 130.8
125 25 18.25847
125 26 25.68247
126 0 184.9
126 2 119.4
126 3 145.21977
126 5 144.2
126 6 107.26613
126 7 163.07002
126 8 96.44058
126 9 161.6782
126 10 104.3
126 11 50.27246
126 12 88.23044
126 14 14.0
126 15 25.29683
126 16 25.29683
126 18 137.88077
126 19 152.35783
126 20 114.59896
126 21 135.42876
126 22 32.05
126 23 123.75
126 24 132.0
126 25 21.8
126 26 21.8
126 29 61.42692
127 0 200.44409
127 2 40.514294
127 3 184.6
127 4 109.2421
127 5 158.25714
127 6 121.75445
127 7 30.8
127 8 33.9
127 9 20.5
127 10 14.0
127 11 37.7
127 12 174.0
127 16 76.23333
127 17 48.24735
127 18 197.08667
127 20 14.4
127 21 18.71421
127 23 41.900208
127 24 42.59766
127 25 38.8676
127 26 47.878635
127 27 30.579144
127 28 144.1
127 29 110.3
127 30 22.8
127 31 23.97
127 32 23.97
127 33 34.774
127 34 35.215946
127 35 145.31143
127 36 110.16
127 37 22.428333
128 0 103.8
128 1 159.3
128 2 105.4
128 3 155.6
128 4 102.7
128 5 154.8
128 7 159.4
128 9 113.3
128 10 155.3
128 11 139.8
128 12 127.6
128 13 127.6
128 14 128.83
128 15 127.6
128 16 127.6
128 18 78.6
128 19 127.8
128 20 115.2
128 21 27.65
128 22 27.65
128 24 77.3
128 25 45.8
128 26 191.5
128 28 9.05
128 29 15.95
129 0 147.3
129 1 122.0
129 2 181.28
129 4 107.26613
129 5 144.2
129 7 118.8
129 8 154.1
129 9 105.62727
129 10 158.04333
129 12 115.77454
129 13 127.15818
129 14 78.805305
129 16 27.484194
129 17 27.484194
129 18 41.303844
129 19 149.52307
129 20 110.61154
129 21 28.88
129 22 28.88
129 23 116.0
129 24 124.2
129 25 120.52857
129 26 152.0
130 0 166.4
130 1 114.3
130 2 157.7
130 3 100.8
130 4 156.1
130 5 104.0
130 6 209.55429
130 8 40.381428
130 9 18.69143
130 10 18.69143
130 12 160.2
130 14 108.9
130 15 156.5
130 16 77.9
130 17 27.8
130 18 10.5
130 21 22.1
130 22 121.1
130 23 133.7
130 24 18.25847
130 25 25.68247
131 0 166.4
131 1 114.3
131 2 157.7
131 3 100.8
131 4 156.1
131 5 104.0
131 6 210.1
131 8 47.0
131 9 27.0
131 10 11.8714285
131 11 16.6
131 13 160.2
131 15 108.9
131 16 156.5
131 17 77.9
131 18 27.8
131 19 10.5
131 22 22.1
131 23 121.1
131 24 133.7
131 25 18.25847
131 26 25.68247
132 0 166.4
132 1 114.3
132 2 157.7
132 3 100.8
132 4 156.1
132 5 104.0
132 6 210.1
132 8 47.0
132 9 27.0
132 10 11.8714285
132 11 16.6
132 13 160.2
132 15 108.9
132 16 156.5
132 17 77.9
132 18 27.8
132 19 10.5
132 22 22.1
132 23 121.1
132 24 133.7
132 25 18.25847
132 26 25.68247
133 0 153.89711
133 1 104.577774
133 2 155.12195
133 3 106.82804
133 4 152.51988
133 5 106.07183
133 6 205.60953
133 8 46.633335
133 9 17.966667
133 10 13.9366665
133 12 77.8
133 13 128.79231
133 14 116.20091
133 15 27.9
133 16 27.9
133 18 156.5
133 19 108.9
133 20 160.2
133 23 77.9
133 25 27.8
133 26 10.5
134 0 110.15
134 1 149.8
134 3 153.07231
134 4 106.07183
134 5 182.6118
134 7 158.925
134 8 102.95
134 9 134.21428
134 10 107.08182
134 12 55.825
134 13 106.875
134 14 111.9
134 15 150.63042
134 16 145.21977
134 18 60.997326
134 20 56.016655
135 0 155.77676
135 1 102.3
135 2 180.5
135 4 114.3
135 5 149.3
135 7 113.0
135 8 124.1
135 9 146.8
135 10 145.1
135 12 60.9
135 14 163.775
135 15 99.375
135 16 164.6
135 17 93.2
136 0 155.77676
136 1 116.76
136 2 181.71819
136 4 121.37143
136 5 145.21977
136 7 150.63042
136 8 112.8381
136 9 121.35
136 10 115.942856
136 12 56.016655
136 13 154.3
136 14 130.3
136 15 158.3
136 16 93.0
136 19 59.8
137 0 151.9
137 1 102.5
137 2 180.5
137 4 106.07183
137 5 153.07231
137 7 107.08182
137 8 134.21428
137 9 102.95
137 10 158.925
137 12 55.825
137 13 154.3
137 14 130.3
137 15 158.3
137 16 93.0
137 19 59.8
138 0 155.77676
138 1 116.76
138 2 181.71819
138 4 121.37143
138 5 136.5
138 7 144.24902
138 8 117.43636
138 9 124.2
138 10 115.942856
138 12 152.51021
138 13 131.4
138 14 162.3
138 15 96.7
138 17 56.7
138 19 61.1
139 0 158.04
139 1 107.02
139 2 181.28
139 4 122.0
139 5 154.56857
139 7 96.91298
139 8 146.9
139 9 145.9012
139 10 108.4
139 13 56.1
139 14 162.9
139 15 97.15
139 16 167.39
139 17 92.88
139 19 56.4
140 0 121.37143
140 1 147.35715
140 3 155.77676
140 4 103.1
140 5 181.71819
140 7 161.24286
140 8 113.76363
140 9 158.10681
140 10 93.74298
140 12 55.995
140 13 21.445454
140 14 122.20909
140 15 130.5
140 16 17.8
140 17 25.6
140 19 139.90291
140 20 156.09091
140 21 107.36667
140 22 128.17245
140 24 56.263638
140 26 61.176117
141 0 114.3
141 1 149.8
141 3 149.8
141 4 114.3
141 5 174.6
141 7 145.1
141 8 146.8
141 9 124.1
141 10 113.0
141 13 60.9
141 14 113.0
141 15 124.1
141 16 146.8
141 17 145.1
141 19 60.9
142 0 115.72
142 1 157.92
142 3 158.79
142 4 121.62
142 5 175.63
142 7 129.24
142 8 126.01
142 9 134.96
142 10 118.15
142 11 165.99
142 14 51.982616
142 15 100.44
142 16 165.43
142 17 113.74
142 18 128.46
142 20 55.54
143 0 155.77676
143 1 107.02
143 2 181.71819
143 4 121.37143
143 5 147.35715
143 7 139.90291
143 8 156.09091
143 9 107.36667
143 10 128.17245
143 12 56.263638
143 14 61.176117
143 15 163.07002
143 16 97.877975
143 17 164.6
143 18 93.2
144 0 106.07183
144 1 155.77676
144 3 149.3
144 4 114.3
144 5 181.1067
144 7 145.1
144 8 146.8
144 9 124.1
144 10 113.0
144 13 60.9
144 14 93.2
144 15 162.25333
144 16 93.11429
144 17 161.26256
144 19 56.19282
145 0 69.66353
145 2 64.4
145 3 126.973335
145 4 135.42876
145 5 35.74286
145 6 108.65
145 7 158.1
145 8 116.11429
145 9 154.63876
145 11 8.535714
145 13 56.00909
145 14 21.133474
146 0 111.75
146 1 155.77676
146 3 156.35
146 4 103.5
146 5 182.6118
146 7 161.8
146 8 110.53636
146 9 136.2
146 10 107.0
146 12 93.0
146 13 153.89218
146 14 137.88077
146 15 149.03479
146 17 61.83478
146 19 61.42692
147 0 106.07183
147 1 155.77676
147 3 147.35715
147 4 119.453995
147 5 183.44794
147 7 128.17245
147 8 107.36667
147 9 156.09091
147 10 139.90291
147 12 61.176117
147 14 56.263638
147 15 93.2
147 16 162.25333
147 17 93.11429
147 18 161.26256
147 20 56.19282
148 0 119.453995
148 1 147.35715
148 3 153.07231
148 4 111.75
148 5 183.44794
148 7 145.21977
148 8 150.63042
148 9 111.9
148 10 106.875
148 12 56.016655
148 14 60.997326
148 15 137.88077
148 16 151.47144
148 17 115.40336
148 18 128.17245
148 21 61.42692
149 0 114.3
149 1 149.8
149 3 149.8
149 4 110.15
149 5 174.6
149 7 145.21977
149 8 150.63042
149 9 111.9
149 10 106.875
149 12 56.016655
149 14 60.997326
149 15 113.0
149 16 124.1
149 17 146.8
149 18 145.1
149 20 60.9
150 0 122.0
150 1 147.3
150 3 144.2
150 4 108.0
150 5 182.0
150 7 161.0
150 8 112.1
150 9 159.0
150 10 111.9
150 11 42.0
150 12 28.5
150 13 151.2
150 14 112.4
150 15 28.5
150 17 22.3
150 18 123.1
150 19 131.81429
150 20 17.8
150 21 25.6
150 23 152.0
150 24 120.52857
150 25 124.2
150 26 116.0
151 0 106.07183
151 1 155.77676
151 3 149.3
151 4 114.3
151 5 181.1067
151 7 145.1
151 8 146.8
151 9 124.1
151 10 113.0
151 13 60.9
151 14 93.01714
151 15 164.33461
151 16 92.2
151 17 161.26256
151 19 56.19282
151 21 55.8
152 0 155.7
152 1 108.73637
152 2 181.71819
152 4 121.85
152 5 147.35715
152 7 137.56624
152 8 137.23328
152 9 151.83951
152 10 106.92087
152 12 56.2976
152 14 77.503334
152 15 80.0
152 17 60.513332
152 19 121.17769
152 20 147.07632
152 21 148.42976
152 22 113.751854
152 23 129.03117
152 24 123.6
152 26 56.103405
152 28 161.8
152 29 110.1
152 30 137.1
152 31 107.3
153 0 155.7
153 1 108.73637
153 2 181.71819
153 4 121.85
153 5 147.35715
153 7 137.56624
153 8 137.23328
153 9 151.83951
153 10 106.92087
153 12 56.2976
153 14 77.503334
153 15 80.0
153 17 60.513332
153 19 121.17769
153 20 159.7
153 21 96.91298
153 22 146.9
153 23 140.5
153 24 114.9
153 27 56.1
153 29 56.3
153 30 161.8
153 31 110.1
153 32 137.1
153 33 107.3
154 0 157.0
154 1 103.1
154 2 181.71819
154 4 117.1
154 5 154.89627
154 7 109.538666
154 8 147.18294
154 9 147.08667
154 10 108.4
154 13 80.18467
154 14 70.45104
154 16 71.975
154 18 25.7275
154 19 25.7275
154 20 158.04333
154 21 104.9925
154 22 159.6
154 23 93.9
154 25 77.9825
154 26 127.6975
154 27 115.7975
154 28 28.27628
154 29 28.27628
155 0 103.1
155 1 156.2
155 3 150.9
155 4 119.6
155 5 181.9
155 7 116.6
155 8 128.1
155 9 147.07632
155 10 127.442856
155 12 61.07143
155 14 29.6
155 15 122.7
155 16 131.9
155 17 17.1
155 18 25.2
155 19 93.5
155 20 163.8
155 21 111.1
155 22 161.24286
155 24 21.9
155 25 123.00714
155 26 132.33888
155 27 17.8
155 28 25.6
156 0 106.07183
156 1 155.77676
156 3 145.0
156 4 119.453995
156 5 183.44794
156 7 128.17245
156 8 107.6
156 9 147.35
156 10 131.525
156 13 93.01714
156 14 164.33461
156 15 92.2
156 16 161.26256
156 18 56.19282
156 20 55.8
157 0 102.3
157 1 155.77676
157 3 149.52
157 4 107.73
157 5 184.98
157 7 150.03
157 8 142.87
157 9 120.2
157 10 105.55
157 12 56.99
157 14 93.2
157 15 164.6
157 16 97.877975
157 17 163.07002
158 0 144.2
158 1 106.07183
158 2 173.0
158 4 119.453995
158 5 145.21977
158 7 145.21977
158 8 113.47143
158 9 128.258
158 10 126.025
158 11 121.38746
158 12 129.63959
158 13 79.05
158 15 28.55
158 16 28.55
158 17 145.21977
158 18 135.64137
158 19 145.21977
158 20 114.88182
158 21 41.714287
158 22 28.957144
158 23 28.957144
158 24 150.43637
158 25 109.490906
158 27 60.997326
158 30 60.997326
159 0 145.0
159 1 119.6
159 2 181.9
159 4 103.1
159 5 155.77676
159 7 94.19
159 8 159.205
159 9 104.9925
159 10 158.04333
159 12 115.7975
159 13 127.6975
159 14 77.9825
159 16 28.27628
159 17 28.27628
159 18 123.4
159 19 112.7
159 20 145.21977
159 21 137.05586
159 24 79.05
159 25 129.63959
159 26 121.38746
159 27 28.55
159 28 28.55
160 0 111.75
160 1 149.3
160 3 155.77676
160 4 102.3
160 5 180.5
160 7 163.775
160 8 99.375
160 9 164.6
160 10 93.2
160 13 106.875
160 14 111.9
160 15 150.63042
160 16 145.21977
160 18 60.997326
160 20 56.016655
161 0 155.78
161 1 120.86125
161 2 175.30858
161 4 121.37143
161 5 145.21977
161 7 145.21977
161 8 134.9
161 9 128.98
161 10 126.025
161 11 31.509802
161 12 30.556932
161 13 39.07143
161 14 17.0
161 15 182.21428
161 19 60.997326
161 20 126.09875
161 21 124.78375
161 22 134.705
161 23 118.05
162 0 155.77676
162 1 116.76
162 2 181.71819
162 4 121.37143
162 5 136.5
162 7 144.24902
162 8 117.43636
162 9 124.2
162 10 115.942856
162 12 154.3
162 13 130.3
162 14 158.3
162 15 93.0
162 18 59.8
163 0 184.98
163 2 116.76
163 3 149.52
163 5 156.35
163 6 107.02
163 7 161.8
163 8 110.53636
163 9 136.44545
163 10 107.0
163 12 113.0
163 13 123.9
163 14 137.3
163 15 143.5
164 0 108.73637
164 1 156.35
164 3 151.0
164 4 122.0
164 5 181.31429
164 7 105.6
164 8 155.9
164 9 123.6
164 10 119.3
164 12 55.7
164 13 107.0
164 14 136.2
164 15 110.1
164 16 161.8
165 0 121.3
165 1 156.1
165 3 151.0
165 4 122.0
165 5 177.1
165 7 105.6
165 8 155.9
165 9 123.6
165 10 119.3
165 12 55.7
165 13 118.066666
165 14 135.55
165 15 124.78375
165 16 126.6
166 0 159.65
166 1 106.07183
166 2 160.91429
166 3 111.531815
166 4 154.89627
166 5 110.08
166 6 118.46
166 7 124.92667
166 8 78.805305
166 10 27.457144
166 11 27.457144
166 12 40.448235
166 13 30.556932
166 14 28.9
166 15 22.683332
166 16 13.916667
166 17 35.90517
166 18 175.42923
166 22 201.69
166 24 45.8
166 25 77.3
166 27 15.95
166 28 9.05
167 0 154.89627
167 1 107.26613
167 2 155.12195
167 3 105.62727
167 4 154.89627
167 5 113.58679
167 6 40.448235
167 7 35.90517
167 8 175.42923
167 11 30.556932
167 12 28.9
167 13 22.683332
167 14 13.916667
167 16 78.805305
167 17 127.15818
167 18 115.77454
167 19 27.484194
167 20 27.484194
167 22 192.2
167 24 45.8
167 25 77.3
167 27 15.95
167 28 9.05
168 0 121.1
168 1 155.6
168 3 155.6
168 4 121.1
168 5 175.9
168 7 125.95
168 8 124.78375
168 9 135.55
168 10 118.066666
168 11 118.066666
168 12 135.55
168 13 124.78375
168 14 125.95
169 0 114.3
169 1 149.3
169 3 156.35
169 4 103.5
169 5 182.6118
169 7 161.8
169 8 110.53636
169 9 136.2
169 10 107.0
169 12 113.0
169 13 124.1
169 14 146.8
169 15 145.1
169 17 60.9
170 0 158.92728
170 1 106.07183
170 2 165.18
170 3 103.258064
170 4 154.76666
170 5 104.75
170 6 115.1
170 7 127.8
170 8 79.31333
170 10 27.65
170 11 27.65
170 12 137.3
170 13 112.8
170 14 132.7
170 15 127.30651
170 16 128.54674
170 17 128.3193
170 18 128.54674
170 19 127.30651
170 21 192.2
170 23 45.8
170 24 77.3
170 26 15.95
170 27 9.05
171 0 158.92728
171 1 106.07183
171 2 165.18
171 3 103.258064
171 4 154.76666
171 5 104.75
171 6 115.1
171 7 127.8
171 8 79.31333
171 10 27.65
171 11 27.65
171 12 137.3
171 13 112.8
171 14 132.7
171 15 127.30651
171 16 128.54674
171 17 128.3193
171 18 128.54674
171 19 127.30651
171 21 192.2
171 23 45.8
171 24 77.3
171 26 15.95
171 27 9.05
172 0 153.89711
172 1 101.5
172 2 155.12195
172 3 106.07183
172 4 153.89711
172 5 104.75
172 6 116.20091
172 7 128.79231
172 8 77.8
172 10 27.9
172 11 27.9
172 12 205.60953
172 14 46.633335
172 15 17.966667
172 16 13.9366665
172 18 156.6
172 19 112.3
172 20 158.625
172 23 139.0
172 24 127.3
172 25 128.1
172 26 128.83
172 27 128.1
172 28 127.3
173 0 109.785774
173 1 160.8
173 2 107.26613
173 3 155.12195
173 4 104.577774
173 5 157.9
173 7 158.625
173 9 113.96
173 10 156.1
173 11 138.34
173 12 127.2
173 13 128.1
173 14 128.83
173 15 128.1
173 16 127.2
173 18 206.5
173 20 46.555
173 21 18.185
173 22 13.9366665
173 24 91.36667
173 25 27.3
173 26 71.68
173 27 25.06
173 29 25.06
174 0 114.3
174 1 149.8
174 3 153.07231
174 4 106.07183
174 5 182.6118
174 7 158.925
174 8 102.95
174 9 134.21428
174 10 107.08182
174 12 55.825
174 13 113.0
174 14 124.1
174 15 146.8
174 16 145.1
174 18 60.9
175 0 145.0
175 1 121.37143
175 2 175.30858
175 4 120.86125
175 5 155.78
175 7 118.05
175 8 134.705
175 9 124.78375
175 10 126.09875
175 11 128.17245
175 12 107.6
175 13 147.35
175 14 131.525
176 0 151.47144
176 1 115.40336
176 2 128.17245
176 3 121.37143
176 4 147.35715
176 5 137.88077
176 7 61.42692
176 9 155.6
176 10 120.86125
176 11 175.30858
176 13 126.09875
176 14 124.78375
176 15 134.705
176 16 118.3
177 0 136.5
177 1 121.37143
177 2 175.30858
177 4 120.86125
177 5 155.78
177 7 118.05
177 8 134.705
177 9 124.78375
177 10 126.09875
177 11 115.942856
177 12 124.2
177 13 117.43636
177 14 144.24902
178 0 154.89627
178 1 107.26613
178 2 155.12195
178 3 105.62727
178 4 154.89627
178 5 113.58679
178 6 40.448235
178 7 35.90517
178 8 175.42923
178 11 30.556932
178 12 27.744444
178 13 31.6975
178 14 22.55
178 15 13.965
178 17 78.805305
178 18 127.15818
178 19 115.77454
178 20 27.484194
178 21 27.484194
178 23 192.2
178 25 45.8
178 26 77.3
178 28 15.95
178 29 9.05
179 0 104.25
179 1 154.89627
179 2 107.26613
179 3 160.576
179 4 105.62727
179 5 154.89627
179 7 78.805305
179 8 127.15818
179 9 115.77454
179 10 27.484194
179 11 27.484194
179 13 200.52
179 15 48.24735
179 16 13.6
179 17 69.51667
179 19 20.686956
179 21 169.64107
179 23 35.213333
179 24 38.5
179 25 31.7
179 26 19.603333
179 27 19.603333
180 0 154.89627
180 1 107.26613
180 2 155.12195
180 3 105.62727
180 4 154.89627
180 5 104.25
180 6 41.773335
180 7 137.3125
180 8 127.15
180 9 128.7
180 10 127.5
180 11 128.7
180 12 127.15
180 13 35.90517
180 14 175.42923
180 18 78.805305
180 19 127.15818
180 20 115.77454
180 21 27.484194
180 22 27.484194
180 24 192.2
180 26 45.8
180 27 77.3
180 29 15.95
180 30 9.05
181 0 106.3
181 1 153.1
181 2 106.3
181 3 154.76666
181 4 103.258064
181 5 154.4
181 7 159.41852
181 9 111.433334
181 10 146.7
181 11 19.132143
181 13 76.6
181 14 126.9
181 15 116.5
181 16 27.983334
181 17 27.983334
181 19 77.7
181 20 40.5
181 21 67.2
181 23 15.1
181 24 18.9
182 0 106.3
182 1 153.1
182 2 106.3
182 3 154.76666
182 4 103.258064
182 5 154.4
182 7 159.41852
182 9 111.433334
182 10 146.7
182 11 19.132143
182 13 76.6
182 14 126.9
182 15 116.5
182 16 27.983334
182 17 27.983334
182 19 77.7
182 20 40.5
182 21 67.2
182 23 15.1
182 24 18.9
183 0 154.89627
183 1 107.26613
183 2 160.576
183 3 105.62727
183 4 154.89627
183 5 104.25
183 6 29.8
183 7 22.342857
183 8 42.6
183 9 178.4
183 13 78.805305
183 14 127.15818
183 15 115.77454
183 16 27.484194
183 17 27.484194
183 19 192.2
183 21 45.8
183 22 77.3
183 24 15.95
183 25 9.05
184 0 159.65
184 1 106.07183
184 2 159.8
184 3 104.25
184 4 154.89627
184 5 110.08
184 6 118.46
184 7 124.92667
184 8 78.805305
184 10 27.457144
184 11 27.457144
184 12 40.448235
184 13 30.556932
184 14 20.471428
184 15 14.157143
184 16 35.90517
184 17 175.42923
184 21 201.69
184 23 44.96
184 24 77.3
184 26 15.95
184 27 9.62
185 0 111.2
185 1 158.4
185 4 156.2
185 5 103.0
185 6 157.6
185 7 38.7
185 8 23.2
185 9 13.95
185 10 156.7
185 11 105.9
185 12 160.7
185 13 104.1
185 14 198.9
185 16 140.3
185 17 128.2
185 18 127.97143
185 19 132.4
185 20 127.97143
185 21 128.2
185 23 115.9
185 24 126.685715
185 25 79.7
185 27 27.983334
185 28 27.983334
186 0 91.0
186 1 27.066668
186 2 109.6
186 3 160.67334
186 5 104.577774
186 6 155.5
186 7 104.0
186 8 161.24286
186 10 210.1
186 12 47.0
186 13 16.6
186 14 27.0
186 15 11.8714285
186 17 159.4
186 19 113.3
186 20 155.3
186 21 139.8
186 22 127.6
186 23 127.6
186 24 128.83
186 25 127.6
186 26 127.6
186 27 71.0
186 28 24.7
186 30 24.7
187 0 159.0
187 2 112.3
187 3 155.35
187 4 101.3
187 5 153.89711
187 7 107.26613
187 8 154.89627
187 9 110.287346
187 10 158.33333
187 12 22.321053
187 13 122.43031
187 14 132.25131
187 15 18.25847
187 16 25.68247
187 18 77.3
187 19 45.8
187 20 192.2
187 22 9.05
187 23 15.95
187 24 138.3
187 25 127.3
187 26 128.7
187 27 128.83
187 28 128.7
187 29 127.3
188 0 147.07632
188 1 128.1
188 2 116.6
188 3 119.6
188 4 150.9
188 5 127.442856
188 7 61.07143
188 9 155.77676
188 10 103.1
188 11 181.9
188 13 158.04333
188 14 104.9925
188 15 159.205
188 16 94.19
188 18 77.9825
188 19 127.6975
188 20 115.7975
188 21 28.27628
188 22 28.27628
188 24 29.6
188 25 122.7
188 26 131.9
188 27 17.1
188 28 25.2
189 0 115.61818
189 1 148.13333
189 2 115.375
189 3 122.0
189 4 154.3
189 5 113.02698
189 7 153.6
189 8 107.26613
189 9 181.28
189 11 158.04333
189 12 105.62727
189 13 157.51091
189 14 107.6
189 15 21.5
189 16 122.1
189 17 131.7
189 18 18.25847
189 19 25.68247
189 21 78.36909
189 22 127.15818
189 23 115.77454
189 24 27.038
189 25 27.038
190 0 115.61818
190 1 148.13333
190 2 115.375
190 3 122.0
190 4 154.3
190 5 113.02698
190 7 153.6
190 8 107.26613
190 9 181.28
190 11 158.04333
190 12 105.62727
190 13 157.12
190 14 111.843864
190 15 37.557144
190 16 85.87143
190 19 144.1
190 20 113.7
190 21 17.1
190 23 79.05231
190 24 127.15818
190 25 115.77454
190 26 27.038
190 27 27.038
191 0 115.61818
191 1 148.13333
191 2 115.375
191 3 122.0
191 4 154.3
191 5 113.02698
191 7 154.89627
191 8 107.26613
191 9 181.28
191 11 158.04333
191 12 105.62727
191 13 154.89627
191 14 105.1
191 15 69.5
191 16 62.29114
191 17 57.2
191 19 22.0
191 20 22.0
191 23 78.805305
191 24 127.15818
191 25 115.77454
191 26 27.484194
191 27 27.484194
192 0 146.0
192 1 147.68916
192 2 106.92087
192 3 122.0
192 4 156.06686
192 5 100.37013
192 7 153.6
192 8 107.26613
192 9 181.28
192 11 158.04333
192 12 105.62727
192 13 157.51091
192 14 107.6
192 15 21.5
192 16 122.1
192 17 131.7
192 18 18.25847
192 19 25.68247
192 21 78.36909
192 22 127.15818
192 23 115.77454
192 24 27.038
192 25 27.038
192 28 56.099854
193 0 146.0
193 1 147.68916
193 2 106.92087
193 3 115.4
193 4 154.56857
193 5 100.37013
193 7 155.77676
193 8 103.1
193 9 181.28
193 11 158.04333
193 12 104.9925
193 13 159.205
193 14 94.19
193 16 77.9825
193 17 127.6975
193 18 115.7975
193 19 28.27628
193 20 28.27628
193 23 56.099854
194 0 128.1
194 1 147.07632
194 2 127.442856
194 3 150.9
194 4 119.6
194 5 116.6
194 6 181.9
194 8 103.1
194 9 156.2
194 11 93.5
194 12 165.4
194 13 105.2
194 14 161.24286
194 16 28.8
194 17 73.7
194 19 148.0
194 20 109.8
194 21 17.3
194 24 61.07143
194 26 29.6
194 27 122.7
194 28 131.9
194 29 17.1
194 30 25.2
195 0 159.0
195 2 112.3
195 3 155.35
195 4 101.3
195 5 153.89711
195 7 107.26613
195 8 154.89627
195 9 110.287346
195 10 158.33333
195 12 22.321053
195 13 122.43031
195 14 132.25131
195 15 18.25847
195 16 25.68247
195 18 77.3
195 19 45.8
195 20 192.2
195 22 9.05
195 23 15.95
195 24 138.3
195 25 127.3
195 26 128.7
195 27 128.83
195 28 128.7
195 29 127.3
196 0 106.3
196 1 116.5
196 2 126.9
196 3 76.6
196 5 155.6
196 6 103.258064
196 7 154.4
196 8 106.3
196 9 153.1
196 11 77.7
196 12 40.5
196 13 67.2
196 15 15.1
196 16 18.9
196 18 159.4
196 20 113.03333
196 21 156.36667
196 22 139.8
196 23 127.6
196 24 128.26
196 25 128.83
196 26 128.26
196 27 127.6
196 28 27.983334
196 29 27.983334
197 0 106.3
197 1 116.5
197 2 126.9
197 3 76.6
197 5 155.6
197 6 103.258064
197 7 154.4
197 8 106.3
197 9 153.1
197 11 77.7
197 12 40.5
197 13 67.2
197 15 15.1
197 16 18.9
197 18 159.4
197 20 113.03333
197 21 156.36667
197 22 139.8
197 23 127.6
197 24 128.26
197 25 128.83
197 26 128.26
197 27 127.6
197 28 27.983334
197 29 27.983334
198 0 155.12195
198 1 108.2
198 2 161.0
198 3 106.07183
198 4 153.6
198 5 111.25
198 6 22.1
198 7 121.0
198 8 134.0
198 9 17.8
198 10 25.6
198 12 145.21977
198 13 119.6
198 14 181.28
198 16 123.4
198 17 112.7
198 18 145.21977
198 19 137.05586
198 22 79.05
198 23 129.63959
198 24 121.38746
198 25 28.55
198 26 28.55
198 28 21.2
198 29 123.1
198 30 131.81429
198 31 17.8
198 32 25.6
199 0 121.1
199 1 133.7
199 2 18.25847
199 3 25.68247
199 4 21.8
199 5 113.2
199 6 166.4
199 8 104.0
199 9 157.5
199 10 103.258064
199 11 158.33333
199 13 145.2166
199 14 110.64
199 15 160.5
199 18 38.733334
199 19 23.093334
199 20 13.973333
199 21 210.1
199 23 47.0
199 24 27.0
199 25 11.8714285
199 26 16.6
200 0 40.5
200 1 77.7
200 3 153.1
200 4 106.3
200 5 67.2
200 7 154.4
200 8 104.0
200 9 151.1
200 10 106.3
200 11 116.5
200 12 126.9
200 13 76.6
200 15 27.983334
200 16 27.983334
200 17 158.9
200 18 110.1
200 19 160.4
200 22 38.7
200 23 23.3
200 24 14.0
200 25 18.9
200 26 15.1
201 0 147.0
201 2 152.3
201 3 110.0
201 4 111.2
201 5 156.5
201 6 103.4
201 7 165.9
201 8 103.7
201 9 204.4
201 11 51.8
201 12 25.5
201 13 22.6
201 14 22.6
201 16 156.4
201 17 114.45
201 18 159.0
201 21 138.875
201 22 127.2
201 23 128.1
201 24 128.83
201 25 128.1
201 26 127.2
201 27 186.1
201 29 26.4
202 0 143.9
202 2 156.0
202 3 109.7
202 4 104.7
202 5 153.3
202 6 103.73333
202 7 163.4
202 8 103.6
202 9 208.6
202 11 45.65
202 12 16.25
202 13 26.45
202 14 11.7
202 16 156.7
202 17 114.45
202 18 159.3
202 21 138.875
202 22 127.2
202 23 128.1
202 24 128.83
202 25 128.1
202 26 127.2
203 0 145.9435
203 1 104.779655
203 2 121.9
203 3 151.8
203 5 130.15794
203 6 152.51988
203 7 106.07183
203 8 150.19
203 10 206.92728
203 12 54.2
203 13 26.2
203 14 23.0
203 15 23.0
203 17 159.4
203 19 113.15833
203 20 156.01538
203 21 137.73846
203 22 127.52
203 23 128.26
203 24 128.83
203 25 128.26
203 26 127.52
204 0 158.625
204 2 112.3
204 3 156.6
204 4 101.5
204 5 153.89711
204 7 104.75
204 8 153.89711
204 9 106.07183
204 10 155.12195
204 12 200.95358
204 14 46.244
204 15 16.532
204 16 26.936
204 17 11.82
204 19 77.8
204 20 128.79231
204 21 116.20091
204 22 27.9
204 23 27.9
204 24 139.0
204 25 127.3
204 26 128.1
204 27 128.83
204 28 128.1
204 29 127.3
205 0 160.5
205 2 109.6
205 3 160.1
205 4 103.258064
205 5 153.89711
205 7 104.75
205 8 153.89711
205 9 106.07183
205 10 155.12195
205 12 205.60953
205 14 46.633335
205 15 17.966667
205 16 13.9366665
205 18 77.8
205 19 128.79231
205 20 116.20091
205 21 27.9
205 22 27.9
205 23 38.6
205 24 22.8
205 25 14.0
206 0 91.36667
206 2 160.8
206 3 109.785774
206 4 27.3
206 5 157.9
206 6 103.2
206 7 155.12195
206 8 107.26613
206 9 206.5
206 11 46.555
206 12 18.185
206 13 13.9366665
206 15 160.1
206 16 109.6
206 17 160.5
206 20 38.6
206 21 22.8
206 22 14.0
206 23 71.68
206 25 25.06
206 26 25.06
207 0 160.2
207 2 107.91428
207 3 156.84285
207 4 103.258064
207 5 153.89711
207 7 104.75
207 8 153.89711
207 9 106.07183
207 10 155.12195
207 12 205.60953
207 14 46.633335
207 15 17.966667
207 16 13.9366665
207 18 77.8
207 19 128.79231
207 20 116.20091
207 21 27.9
207 22 27.9
207 23 73.0
207 24 28.7
207 25 10.0
207 27 170.3
207 29 21.0
208 0 80.3
208 1 126.685715
208 2 115.8
208 3 106.5
208 4 155.8
208 6 100.9
208 7 157.1
208 8 104.7
208 9 163.3
208 11 206.2
208 13 53.6
208 14 25.5
208 15 23.0
208 16 23.0
208 18 159.2
208 20 106.6
208 21 157.3
208 22 73.0
208 23 28.7
208 24 10.0
208 26 170.3
208 28 21.0
208 29 27.983334
208 30 27.983334
209 0 80.3
209 1 126.685715
209 2 115.8
209 3 106.5
209 4 155.8
209 6 100.9
209 7 157.1
209 8 104.7
209 9 163.3
209 11 206.5
209 13 46.555
209 14 18.185
209 15 13.8
209 17 159.2
209 19 106.6
209 20 157.3
209 21 73.0
209 22 28.7
209 23 10.0
209 25 170.3
209 27 21.0
209 28 27.983334
209 29 27.983334
210 0 106.6
210 1 159.2
210 4 155.5
210 5 100.9
210 6 157.3
210 7 73.0
210 9 170.3
210 11 21.0
210 12 28.7
210 13 10.0
210 14 155.8
210 15 106.15714
210 16 160.576
210 17 107.26613
210 18 211.7
210 20 39.9
210 21 19.6
210 22 19.6
210 24 115.85714
210 25 126.685715
210 26 80.3
210 28 27.983334
210 29 27.983334
211 0 134.705
211 1 124.78375
211 2 126.09875
211 3 120.86125
211 4 155.78
211 5 118.05
211 7 145.21977
211 8 121.37143
211 9 175.30858
211 11 126.025
211 12 128.98
211 13 123.598335
211 14 145.21977
211 16 77.1
211 17 70.1
211 18 32.4
211 20 23.1
211 21 23.1
212 0 134.705
212 1 124.78375
212 2 126.09875
212 3 120.86125
212 4 155.78
212 5 118.05
212 7 145.21977
212 8 121.37143
212 9 175.30858
212 11 126.025
212 12 128.258
212 13 113.47143
212 14 145.21977
212 16 79.05
212 17 129.63959
212 18 121.38746
212 19 28.55
212 20 28.55
213 0 126.09875
213 1 124.78375
213 2 134.705
213 3 118.05
213 4 155.78
213 5 120.86125
213 6 175.30858
213 8 121.37143
213 9 145.21977
213 11 147.18294
213 12 125.75
213 13 128.98
213 14 126.025
213 15 31.6
213 16 81.3
213 18 72.1
213 19 26.0
213 21 26.0
214 0 158.7
214 1 129.9
214 2 152.51021
214 3 107.26613
214 4 153.6
214 5 118.8
214 6 22.4
214 7 123.4
214 8 130.8
214 9 18.25847
214 10 25.68247
214 12 144.7
214 13 121.37143
214 14 181.28
214 16 115.942856
214 17 124.2
214 18 120.52857
214 19 145.5
214 23 60.2
215 0 161.8
215 1 110.1
215 2 137.1
215 3 107.3
215 4 155.7
215 5 108.73637
215 6 181.71819
215 8 121.37143
215 9 145.21977
215 11 147.18294
215 12 125.75
215 13 128.98
215 14 126.025
215 15 30.576923
215 16 81.3
215 18 72.1
215 19 26.0
215 21 26.0
216 0 137.1
216 1 110.1
216 2 161.8
216 3 108.73637
216 4 155.7
216 5 107.3
216 7 145.21977
216 8 121.37143
216 9 181.71819
216 11 126.025
216 12 128.98
216 13 123.598335
216 14 145.21977
216 16 77.1
216 17 70.1
216 18 32.4
216 20 23.1
216 21 23.1
217 0 120.5
217 1 155.78
217 3 145.0
217 4 121.85
217 5 175.0
217 7 106.92087
217 8 151.83951
217 9 140.1
217 10 134.675
217 13 60.4
217 15 56.2976
217 16 118.05
217 17 134.705
217 18 124.78375
217 19 125.9
218 0 155.76666
218 1 103.258064
218 2 155.12195
218 3 106.82804
218 4 153.89711
218 5 106.07183
218 6 153.89711
218 8 159.0
218 10 112.3
218 11 198.728
218 13 140.82857
218 14 127.957146
218 15 129.3
218 16 132.4
218 17 129.3
218 18 127.957146
218 20 77.8
218 21 128.79231
218 22 116.20091
218 23 27.9
218 24 27.9
218 26 138.53334
218 27 127.3
218 28 128.7
218 29 128.83
218 30 128.7
218 31 127.3
219 0 155.3
219 1 104.577774
219 2 154.89627
219 3 107.06
219 4 160.228
219 5 107.26613
219 6 153.89711
219 8 159.4
219 10 113.3
219 11 192.2
219 13 45.8
219 14 77.3
219 16 15.95
219 17 9.05
219 18 21.761429
219 19 122.512856
219 20 131.30714
219 21 17.8
219 22 25.6
219 24 62.23695
219 25 139.8
219 26 127.6
219 27 127.6
219 28 128.83
219 29 127.6
219 30 127.6
220 0 108.85
220 1 184.6
220 2 40.514294
220 3 46.708736
220 4 44.466667
220 5 40.526318
220 6 61.6
220 7 196.6
220 9 206.3
220 11 30.8
220 12 119.1
220 13 135.4
220 14 22.698
220 15 23.606
220 16 28.233334
220 17 123.166664
220 18 133.6
220 19 17.8
220 20 25.9
220 21 20.436237
220 22 20.436237
220 23 50.28
220 24 140.3
220 25 129.22858
220 26 129.61429
220 27 127.82418
220 28 129.61429
220 29 129.22858
220 30 35.90517
220 31 175.42923
220 35 194.88481
220 37 46.89894
220 38 24.583529
220 39 22.441584
220 40 22.441584
