1 | 1 2 3 4 5 6 8 9 10 12 13 14 15 16 17 | 157.97 96.10 157.20 100.60 156.90 95.40 82.70 68.30 28.80 131.60 115.00 145.60 145.81 115.72 119.00
2 | 1 2 3 4 5 6 8 9 10 12 13 14 15 16 17 19 20 21 22 23 24 26 27 28 30 31 32 33 34 35 | 164.60 99.00 161.40 104.85 158.83 95.01 161.68 104.10 182.61 123.70 127.98 124.44 152.28 114.15 126.18 114.32 154.16 103.02 160.43 104.61 153.90 164.19 103.70 182.56 121.34 128.60 115.90 161.40 115.90 128.60
3 | 1 4 5 6 7 8 9 10 11 12 13 14 15 16 17 18 19 20 21 22 | 174.70 33.80 25.63 29.52 29.62 29.70 29.62 29.42 29.50 29.50 29.50 29.50 29.50 29.42 29.07 29.04 28.72 32.04 22.15 13.97
4 | 1 2 3 4 5 6 7 8 9 10 11 12 13 14 15 16 17 18 19 20 21 22 | 13.97 22.15 32.04 28.72 29.04 29.07 29.42 29.50 29.50 29.50 29.50 29.50 29.50 29.50 29.42 29.62 29.70 29.62 29.52 25.63 33.80 174.70
5 | 1 4 5 6 7 8 9 10 11 12 13 14 15 16 17 18 19 20 21 22 23 24 | 174.70 33.80 25.63 29.52 29.62 29.70 29.50 29.54 29.23 29.07 29.25 27.81 130.07 130.07 27.81 29.25 29.50 29.20 29.25 32.04 22.15 13.97
6 | 1 4 5 6 7 8 9 10 11 12 13 14 15 16 17 18 19 20 21 22 23 24 25 26 | 174.70 33.80 25.63 29.52 29.62 29.70 29.62 29.42 29.50 29.50 29.50 29.50 29.50 29.50 29.50 29.50 29.50 29.42 29.07 29.04 28.72 32.04 22.15 13.97
7 | 1 2 3 4 5 6 7 8 9 10 11 12 13 16 17 18 19 20 | 131.00 128.70 26.20 128.70 130.41 26.84 28.65 29.20 29.30 29.35 25.63 33.80 174.70 27.70 30.00 31.85 23.14 14.04
8 | 1 4 5 6 7 8 9 10 11 12 13 14 15 16 | 174.70 33.80 25.63 29.52 29.62 29.70 29.62 29.42 29.07 29.04 28.72 32.04 22.15 13.97
9 | 1 2 3 4 5 6 7 8 9 10 11 12 15 16 17 18 19 20 21 22 23 24 25 26 | 13.97 22.15 32.04 29.25 29.45 29.19 28.90 32.20 128.60 135.44 41.05 178.22 30.56 27.74 29.30 29.77 29.47 29.42 29.07 29.04 28.72 32.04 22.15 13.97
10 | 1 2 3 4 5 6 7 8 9 10 11 12 13 14 15 16 17 18 | 13.97 22.15 32.04 29.25 29.20 29.50 29.25 27.81 130.07 130.07 27.81 29.25 28.80 28.80 29.35 25.63 33.80 174.70
11 | 1 2 3 4 5 6 7 8 9 10 11 12 13 14 15 16 | 13.97 22.15 32.04 28.72 29.04 29.07 29.42 29.50 29.42 29.62 29.70 29.62 29.52 25.63 33.80 174.70
12 | 1 2 3 4 5 6 7 8 9 10 11 12 13 14 15 16 | 13.97 22.10 31.20 28.20 28.80 29.40 130.07 130.07 27.81 29.25 28.80 28.80 29.35 25.63 33.80 174.70
13 | 1 2 3 4 5 6 7 8 9 10 11 12 13 14 15 16 17 18 | 13.97 22.15 32.04 28.72 29.04 29.07 29.42 29.50 29.50 29.50 29.42 29.62 29.70 29.62 29.52 25.63 33.80 174.70
14 | 1 2 3 4 5 6 8 9 10 11 12 13 14 15 18 19 20 21 22 23 25 26 | 106.30 153.10 106.30 154.40 104.00 151.10 76.60 126.90 116.50 27.98 27.98 158.90 110.10 160.40 38.70 23.30 14.00 67.20 40.50 77.70 18.90 15.10
15 | 1 2 3 4 5 6 8 9 10 11 12 13 14 15 18 19 20 21 22 23 24 26 27 28 29 31 | 104.75 158.40 106.07 155.50 104.58 155.60 78.60 127.80 115.10 27.65 27.65 155.30 113.30 159.40 139.80 127.60 127.60 128.83 127.60 127.60 184.10 140.43 129.64 14.61 12.09 62.70
16 | 1 2 3 4 5 6 8 9 10 13 14 15 16 17 18 19 20 21 22 23 25 27 28 29 30 | 106.07 161.24 111.84 157.90 104.58 170.40 156.10 113.96 158.62 138.34 127.20 128.10 128.83 128.10 127.20 24.77 122.52 132.67 17.80 25.60 206.93 54.20 26.20 23.00 23.00
17 | 1 2 3 4 5 6 8 9 10 12 13 14 15 16 17 | 164.55 99.30 162.30 104.80 158.00 93.95 152.50 123.19 180.20 124.93 128.60 115.10 146.10 145.00 115.80
18 | 1 2 3 4 5 6 8 | 137.90 145.30 109.00 120.70 109.00 145.30 167.80
19 | 1 2 3 4 5 6 7 | 150.00 144.90 116.60 121.70 122.00 115.20 167.30
20 | 1 2 3 4 5 6 8 9 10 12 13 14 15 17 18 19 20 21 | 137.10 110.10 161.80 108.74 155.70 107.30 145.22 121.37 181.72 126.03 128.98 125.80 147.08 27.86 122.57 133.68 17.10 25.20
21 | 1 2 3 4 5 6 8 9 10 12 13 14 15 17 18 19 20 21 | 137.10 110.10 161.80 108.74 155.70 107.30 145.22 121.37 181.72 126.03 128.26 113.47 145.22 79.05 129.64 121.39 28.55 28.55
22 | 1 2 3 4 5 6 8 9 10 12 13 14 15 18 19 20 22 23 | 159.21 104.99 158.04 103.10 155.78 94.19 136.50 121.37 181.72 115.94 124.20 117.44 144.25 115.80 127.70 77.98 28.28 28.28
23 | 1 2 3 4 5 6 8 9 10 12 13 14 15 | 136.20 110.10 161.80 108.74 156.35 107.00 151.00 122.00 181.31 115.38 148.13 115.62 113.03
24 | 1 2 3 4 5 6 8 9 10 12 13 14 15 17 20 | 124.10 146.80 145.10 114.30 149.30 113.00 158.04 102.30 180.50 162.90 97.15 167.39 92.88 56.40 60.90
25 | 1 2 3 4 5 6 8 9 10 12 13 14 15 | 164.60 97.88 163.07 107.02 155.78 93.20 151.00 122.00 181.28 115.38 148.13 115.62 113.03
26 | 1 2 3 4 5 6 8 9 10 12 13 14 15 19 | 167.39 97.15 162.90 107.02 158.04 92.88 151.00 122.00 181.28 115.38 148.13 115.62 113.03 56.40
27 | 1 2 3 4 5 6 8 9 10 12 13 14 15 19 20 21 23 24 | 159.21 104.99 158.04 103.10 155.78 94.19 145.00 121.37 181.72 128.17 107.60 147.35 131.53 115.80 127.70 77.98 28.28 28.28
28 | 1 2 3 4 5 6 7 8 9 10 11 13 14 15 17 18 19 20 24 25 26 28 29 | 154.10 105.63 158.04 107.27 144.20 118.80 41.20 149.52 110.61 28.88 28.88 145.22 121.37 181.28 128.17 107.60 147.35 131.53 115.77 127.16 78.81 27.48 27.48
29 | 1 2 3 4 5 6 8 9 10 12 13 14 15 19 | 167.74 97.15 162.90 107.02 155.78 93.02 136.50 121.37 181.72 115.94 124.20 117.44 144.25 56.40
30 | 1 2 3 4 5 6 8 9 10 12 13 14 15 | 137.10 110.10 161.80 108.74 155.70 107.30 145.00 121.37 181.72 128.17 107.60 147.35 131.53
31 | 1 2 3 4 5 6 8 9 10 12 13 14 15 | 164.60 97.88 163.07 107.02 155.78 93.20 154.57 122.00 181.28 108.40 145.40 151.18 100.37
32 | 1 2 3 4 5 6 8 9 10 11 12 13 14 16 | 137.50 148.11 109.50 138.20 109.50 148.11 56.37 139.00 127.08 128.84 126.70 128.84 127.08 56.37
33 | 1 2 3 4 5 6 7 8 9 10 11 12 13 14 15 16 17 18 19 20 21 22 23 24 25 26 27 28 29 | 31.64 71.51 42.32 140.84 121.43 31.98 32.15 50.37 36.50 37.32 18.19 21.16 39.91 42.30 56.86 24.30 28.30 56.10 36.30 34.00 26.40 46.05 28.95 19.20 19.20 23.00 12.30 18.80 15.17
34 | 1 2 4 5 6 7 8 9 10 11 12 13 14 15 16 17 18 19 20 21 22 23 24 25 26 27 28 29 30 31 | 41.50 213.10 58.20 42.10 59.50 22.30 37.40 53.10 18.20 41.30 38.30 39.70 30.50 35.60 42.80 30.00 36.00 32.40 39.20 32.80 28.20 35.30 33.40 33.40 32.10 18.60 20.20 17.90 14.60 6.80
35 | 1 2 3 4 5 6 7 8 9 10 11 12 13 14 15 16 17 18 19 20 21 22 23 24 25 26 27 28 29 30 | 23.50 78.84 37.80 55.60 37.40 38.10 49.20 39.10 41.00 18.60 164.75 116.70 35.68 34.64 48.29 37.40 33.40 17.35 22.50 41.90 30.23 33.75 37.31 29.36 29.36 22.98 26.15 15.50 21.90 21.90
36 | 1 2 3 4 5 6 8 9 10 12 13 14 15 16 17 | 164.60 99.00 161.40 103.60 159.40 94.20 164.64 103.80 183.90 121.20 126.60 115.90 161.40 115.90 126.60
37 | 1 2 3 4 5 6 8 9 10 13 14 15 16 17 18 24 25 26 27 28 30 | 162.40 100.14 161.59 105.34 157.41 95.22 146.60 136.60 175.26 120.30 109.00 146.90 138.00 146.90 109.00 103.70 78.60 77.28 69.69 78.40 61.08
38 | 1 2 3 5 6 7 8 9 10 11 12 13 16 17 18 19 20 21 22 24 25 26 28 29 31 32 | 115.77 127.16 78.81 154.90 105.63 160.58 107.27 154.90 113.59 41.77 41.40 173.52 52.02 137.31 127.15 128.70 127.50 128.70 127.15 77.30 45.80 192.20 9.05 15.95 27.48 27.48
39 | 1 2 3 4 5 6 8 9 10 12 13 14 15 16 17 19 20 21 23 24 25 26 27 28 32 33 34 35 36 37 | 166.13 96.93 165.28 102.80 162.52 96.31 82.70 55.03 197.60 108.80 165.60 97.50 160.43 104.61 154.90 164.19 103.70 182.56 121.34 128.60 116.00 161.40 116.00 128.60 128.90 129.20 115.00 158.43 115.00 129.20
40 | 1 2 3 4 5 6 8 9 10 12 13 14 15 16 17 19 20 21 23 24 25 26 27 28 33 34 35 36 37 38 | 166.13 96.93 165.28 102.80 162.52 96.31 82.70 55.03 197.60 108.80 165.60 97.50 160.43 104.61 154.90 166.60 102.70 182.56 122.00 114.00 145.90 149.90 115.70 119.90 128.90 129.20 115.00 158.43 115.00 129.20
41 | 1 2 3 4 5 6 7 8 9 10 11 12 14 15 16 18 19 20 21 22 23 28 29 30 32 33 34 35 36 37 | 154.16 103.02 160.43 104.61 153.90 114.32 114.32 154.16 103.02 162.65 103.30 153.90 79.83 43.60 197.00 131.50 128.90 116.30 158.43 116.30 128.90 164.19 103.70 182.56 121.34 128.60 115.90 161.40 115.90 128.60
42 | 1 2 3 4 5 6 7 8 9 10 11 12 14 15 16 18 19 20 21 22 23 28 29 30 32 33 34 35 36 37 | 154.16 103.02 162.65 103.30 153.90 114.32 114.32 154.16 103.02 162.65 103.30 153.90 79.83 43.72 197.12 131.70 128.57 115.78 157.67 115.78 128.57 79.83 43.72 197.12 131.70 128.57 115.78 157.67 115.78 128.57
43 | 1 2 3 4 5 6 7 9 10 11 13 14 15 16 17 21 22 23 24 25 26 28 29 30 32 33 34 35 36 37 40 41 42 44 45 | 127.98 124.44 152.28 114.15 126.18 123.70 161.68 158.83 104.85 182.61 104.10 161.40 99.00 164.60 95.01 114.32 152.52 106.16 158.04 107.27 152.52 164.19 103.70 180.54 121.34 128.60 115.90 161.40 115.90 128.60 115.86 126.69 78.81 27.48 27.48
44 | 1 2 3 4 5 6 7 9 10 11 12 13 14 15 16 17 18 19 20 21 22 23 24 25 26 27 28 | 154.23 113.84 118.10 153.90 131.22 115.30 16.37 74.00 31.17 22.34 23.50 38.50 20.20 36.50 31.80 36.50 23.50 37.22 32.60 19.26 37.18 24.44 39.16 27.76 22.46 22.46 18.70
45 | 1 2 3 4 5 6 8 10 11 12 13 14 15 16 17 18 19 20 21 22 23 24 25 26 27 28 29 30 | 119.40 120.00 145.90 123.80 115.50 145.60 15.80 74.00 30.10 20.53 38.50 20.20 36.50 31.80 18.70 36.50 23.50 37.22 32.60 19.26 37.18 24.44 39.16 27.76 22.46 22.46 23.50 11.00
46 | 1 2 3 4 5 6 8 9 11 12 13 14 15 16 17 18 19 20 21 22 23 24 25 26 27 28 29 30 | 112.20 118.00 147.70 125.70 121.60 146.10 11.90 11.80 80.00 31.17 22.34 27.32 37.62 20.20 36.50 31.80 19.14 36.78 23.50 37.29 32.72 19.46 37.18 24.44 39.16 27.76 22.46 22.46
47 | 1 2 3 4 5 6 8 9 11 12 13 14 15 16 17 18 19 20 21 22 23 24 25 26 27 28 29 30 31 | 118.65 116.95 146.18 122.45 121.35 144.95 12.15 11.75 74.00 30.10 20.53 38.50 20.20 36.50 31.80 36.50 23.50 37.22 32.60 37.18 24.44 39.16 27.76 22.46 22.46 18.70 18.70 23.50 11.20
48 | 1 2 3 4 5 6 9 10 11 13 14 15 16 17 18 20 22 23 24 25 29 30 31 32 33 35 40 42 | 97.00 164.80 103.40 165.40 96.20 168.50 80.70 44.10 197.70 130.90 128.56 129.10 147.08 149.00 105.61 103.50 69.62 83.12 74.02 71.80 103.75 74.18 76.28 72.44 77.04 61.10 18.11 16.57
49 | 1 2 3 4 5 6 7 10 11 12 13 14 15 16 17 18 20 21 22 24 25 26 27 28 | 160.58 107.10 153.90 101.50 156.60 112.30 158.62 139.00 127.30 128.10 128.83 128.10 127.30 170.40 106.10 208.20 46.60 17.70 13.94 119.50 141.20 34.40 23.40 23.40
50 | 1 2 3 4 5 6 7 10 11 12 13 14 15 16 17 18 19 20 22 23 24 26 27 28 30 | 159.30 103.80 154.80 102.70 155.30 113.30 159.40 139.80 127.60 127.60 128.83 127.60 127.60 155.60 105.40 115.20 127.80 78.60 27.65 27.65 191.50 45.80 9.05 77.30 15.95
51 | 1 2 3 4 5 6 7 10 11 12 13 14 15 16 17 18 19 20 22 23 24 25 26 27 29 | 153.10 106.30 154.40 103.26 156.37 113.03 159.40 139.80 127.60 128.26 128.83 128.26 127.60 155.60 106.30 116.50 126.90 76.60 27.98 27.98 67.20 40.50 15.10 77.70 18.90
52 | 1 2 3 4 5 6 7 10 11 12 13 14 15 16 17 18 20 21 22 23 25 26 27 28 30 31 | 153.90 104.75 153.90 103.26 156.37 113.03 159.40 139.80 127.60 128.26 128.83 128.26 127.60 153.90 106.07 184.10 140.43 129.64 14.61 12.09 60.52 116.20 128.79 77.80 27.90 27.90
53 | 1 2 3 4 5 6 7 10 11 12 13 14 15 16 17 18 20 21 22 24 25 26 27 29 30 | 152.52 104.75 153.90 104.58 156.90 112.90 159.40 137.74 127.52 128.26 128.83 128.26 127.52 153.90 106.07 201.69 44.96 75.73 16.44 9.62 116.20 128.79 77.80 27.90 27.90
54 | 1 2 3 4 5 6 7 10 11 12 13 14 15 16 17 18 20 21 23 24 26 27 28 29 30 | 160.23 107.06 157.90 104.58 156.10 113.96 158.62 138.34 127.20 128.10 128.83 128.10 127.20 155.12 107.27 192.20 45.80 77.30 15.95 9.05 22.32 122.51 131.31 18.26 25.68
55 | 1 2 3 4 5 6 7 10 11 12 13 14 15 16 17 18 20 21 22 23 25 26 27 28 29 | 161.24 111.84 157.90 104.58 156.10 113.96 158.62 138.34 127.20 128.10 128.83 128.10 127.20 165.18 107.40 212.70 46.60 26.80 11.87 16.60 24.77 122.52 132.67 17.80 25.60
56 | 1 2 3 4 5 6 7 10 11 12 13 14 15 16 17 18 20 21 22 24 25 26 27 28 | 161.24 111.84 157.90 104.58 156.10 113.96 158.62 138.34 127.20 128.10 128.83 128.10 127.20 165.18 107.40 209.55 40.38 18.69 18.69 24.77 122.52 132.67 17.80 25.60
57 | 1 2 3 4 5 6 7 10 11 12 13 14 15 16 17 18 20 21 22 23 25 26 27 29 30 | 153.90 104.75 153.90 101.50 156.60 112.30 158.62 139.00 127.30 128.10 128.83 128.10 127.30 155.12 106.07 206.20 54.20 26.20 22.70 22.70 116.20 128.79 77.80 27.90 27.90
58 | 1 2 3 4 5 6 7 10 11 12 13 14 15 16 17 18 20 21 22 23 25 26 27 29 30 | 153.90 104.75 153.90 101.50 156.60 112.30 158.62 139.00 127.30 128.10 128.83 128.10 127.30 155.12 106.07 200.52 46.24 26.94 11.82 16.53 116.20 128.79 77.80 27.90 27.90
59 | 1 2 3 4 5 6 7 10 11 12 13 14 15 16 17 18 20 21 22 24 25 26 28 29 | 153.90 104.75 153.90 101.50 156.60 112.30 158.62 139.00 127.30 128.10 128.83 128.10 127.30 155.12 106.07 209.55 40.38 18.69 18.69 116.20 128.79 77.80 27.90 27.90
60 | 1 2 3 4 5 6 7 10 11 12 13 14 15 16 17 18 20 21 22 23 25 26 28 30 31 | 160.80 109.79 157.90 104.58 156.10 113.96 158.62 138.34 127.20 128.10 128.83 128.10 127.20 155.12 107.27 205.91 53.60 25.50 22.70 22.70 27.30 94.00 71.68 25.06 25.06
61 | 1 2 3 4 5 6 7 10 11 12 13 14 15 16 17 18 20 21 22 23 25 26 28 30 31 | 160.80 109.79 157.90 104.58 156.10 113.96 158.62 138.34 127.20 128.10 128.83 128.10 127.20 155.12 107.27 200.95 46.24 26.94 11.82 16.53 27.30 94.00 72.40 25.30 25.30
62 | 1 2 3 4 5 6 7 10 11 12 13 14 15 16 17 18 20 21 22 24 25 27 29 30 | 160.80 109.79 157.90 104.58 156.10 113.96 158.62 138.34 127.20 128.10 128.83 128.10 127.20 155.12 107.27 211.70 39.90 19.60 19.60 27.30 94.00 71.68 25.06 25.06
63 | 1 2 3 4 5 6 7 10 11 12 13 14 15 16 17 18 20 21 22 24 25 27 29 30 | 160.80 109.79 157.90 104.58 156.10 113.96 158.62 138.34 127.20 128.10 128.83 128.10 127.20 155.12 107.27 206.50 46.55 18.18 13.94 27.30 91.37 72.40 25.30 25.30
64 | 1 2 3 4 5 6 7 10 11 12 13 14 15 16 17 18 19 20 21 22 24 26 27 28 29 | 166.70 104.25 156.20 100.40 154.10 112.30 159.00 138.30 127.30 128.70 128.83 128.70 127.30 157.00 112.10 21.50 121.10 133.70 18.26 25.68 206.93 54.20 26.20 23.00 23.00
65 | 1 2 3 4 5 6 7 10 11 12 13 14 15 16 17 18 19 20 21 22 24 26 27 28 29 | 166.40 104.00 157.50 101.30 155.35 112.30 159.00 138.30 127.30 128.70 128.83 128.70 127.30 157.00 113.20 21.80 121.10 133.70 18.26 25.68 210.10 47.00 27.00 11.87 16.60
66 | 1 3 4 5 6 7 8 11 12 13 14 15 16 17 18 19 21 22 23 24 26 27 28 29 30 31 32 33 34 35 | 199.89 39.32 172.11 123.13 43.19 35.21 169.64 136.20 127.56 128.65 126.80 128.65 127.56 168.41 108.85 201.56 44.30 25.30 11.10 15.60 40.82 120.06 134.14 18.48 25.34 40.82 120.06 134.14 18.48 25.34
67 | 1 2 3 4 5 6 7 8 9 11 12 13 14 15 18 19 20 21 22 23 25 27 28 30 31 | 159.65 106.07 165.18 103.26 154.77 104.75 115.10 127.80 79.31 27.65 27.65 154.53 116.76 170.14 137.74 127.52 128.26 128.83 128.26 127.52 192.20 45.80 77.30 15.95 9.05
68 | 1 2 3 4 5 6 7 8 9 11 12 13 14 15 16 17 18 19 20 21 24 26 27 28 30 31 | 160.58 107.27 154.90 113.59 154.90 105.63 115.77 127.16 78.81 27.48 27.48 41.77 137.31 127.15 128.70 127.50 128.70 127.15 41.40 173.52 52.02 77.30 45.80 192.20 9.05 15.95
69 | 1 2 4 6 7 9 10 11 13 | 29.73 74.27 162.17 128.70 124.20 18.57 131.14 123.20 18.57
70 | 1 2 3 4 5 6 7 9 10 12 13 14 15 17 18 20 21 22 | 128.17 107.60 147.35 131.53 145.00 121.37 181.72 103.10 155.78 93.74 161.68 104.30 163.80 50.27 88.23 14.00 25.30 25.30
71 | 1 2 3 4 5 6 9 10 11 13 14 15 16 18 19 20 21 22 | 115.38 122.00 151.00 113.03 115.62 148.13 155.78 103.10 181.28 158.04 104.99 159.21 94.19 77.98 127.70 115.80 28.28 28.28
72 | 1 2 3 4 5 6 8 9 10 12 13 14 15 16 17 19 20 21 22 23 24 26 27 28 30 31 32 33 34 35 37 39 40 41 43 44 47 | 165.30 98.10 161.10 105.18 157.05 92.90 161.68 104.10 182.61 123.70 127.98 124.44 152.28 114.15 126.18 114.32 152.52 106.16 158.04 107.27 152.52 164.19 103.70 180.54 121.34 128.13 114.61 162.23 114.61 128.13 56.57 115.86 126.69 78.81 27.48 27.48 56.40
73 | 1 2 3 4 5 6 8 9 10 12 13 14 15 16 17 19 20 21 22 23 24 25 27 28 29 31 32 33 34 35 36 39 40 41 43 44 47 | 165.30 98.10 161.10 105.18 157.05 92.90 161.68 104.10 182.61 123.70 127.98 124.44 152.53 112.05 126.18 55.87 114.32 152.52 106.16 158.04 107.27 152.52 164.19 103.70 180.54 121.34 128.60 115.90 161.40 115.90 128.60 115.86 126.69 78.81 27.48 27.48 56.40
74 | 1 2 3 4 5 6 8 9 10 12 13 14 15 16 17 19 20 21 22 23 24 25 27 28 29 31 32 33 34 35 36 38 40 41 42 44 45 48 | 165.30 98.10 161.10 105.18 157.05 92.90 161.68 104.10 182.61 123.70 127.98 124.44 152.53 112.05 126.18 55.87 114.32 152.52 106.16 158.04 107.27 152.52 164.19 103.70 180.54 121.34 128.13 114.61 162.23 114.61 128.13 56.57 115.86 126.69 78.81 27.48 27.48 56.40
75 | 1 2 3 4 5 6 8 9 10 12 13 14 15 16 17 19 20 22 23 24 26 27 28 29 31 32 33 34 35 37 38 39 40 41 42 | 164.60 99.00 161.40 104.85 158.83 95.01 161.68 104.10 182.61 123.70 127.98 115.10 152.28 114.15 126.18 116.59 153.90 164.19 103.70 182.59 106.07 161.24 113.20 159.68 21.80 121.10 133.70 18.26 25.68 121.34 128.77 115.90 161.40 115.90 128.77
76 | 1 2 3 4 5 6 8 9 10 12 13 14 15 16 17 19 20 22 23 24 26 27 28 29 31 32 34 35 36 38 39 40 41 42 43 | 164.60 99.00 161.40 104.85 158.83 95.01 161.68 104.10 182.61 123.70 127.98 115.10 152.28 114.15 126.18 116.59 153.90 164.19 103.70 182.59 106.07 161.24 109.80 159.68 28.50 77.40 146.40 110.60 18.50 121.34 128.60 115.90 161.40 115.90 128.60
77 | 1 2 3 4 5 6 8 9 10 12 13 14 15 16 17 19 20 21 24 25 26 27 28 29 34 35 36 37 38 39 | 166.13 96.93 165.28 102.80 162.52 96.31 82.70 55.03 197.60 108.80 165.60 97.50 163.07 107.27 154.90 154.67 137.47 176.70 122.62 122.72 115.74 148.78 145.46 116.14 128.90 129.20 115.00 158.43 115.00 129.20
78 | 2 3 4 5 6 7 8 9 10 12 14 15 16 17 18 20 21 22 23 24 26 28 29 30 | 77.70 40.19 84.95 107.63 153.10 106.30 151.10 104.00 154.40 160.40 110.10 158.90 38.70 23.30 14.00 76.60 126.90 116.50 27.98 27.98 170.84 21.06 15.10 18.90
79 | 2 3 4 5 6 7 8 9 10 12 14 15 16 17 18 20 21 22 23 24 26 28 29 30 | 77.70 35.27 84.95 108.51 153.10 106.30 151.10 104.00 154.40 160.40 110.10 158.90 38.70 23.30 14.00 76.60 126.90 116.50 27.98 27.98 170.84 21.06 12.69 18.90
80 | 1 2 3 4 5 6 7 8 9 11 12 15 17 18 19 20 21 23 24 25 26 27 | 153.10 106.30 151.10 104.00 154.40 106.30 67.20 40.50 77.70 18.90 15.10 160.40 110.10 158.90 38.70 23.30 14.00 76.60 126.90 116.50 27.98 27.98
81 | 1 2 3 4 5 6 7 8 9 11 12 15 17 18 19 20 21 23 24 25 26 27 | 153.10 106.30 151.10 104.00 154.40 106.30 67.20 40.50 77.70 18.90 15.10 160.40 110.10 158.90 38.70 23.30 14.00 76.60 126.90 116.50 27.98 27.98
82 | 1 2 3 4 5 6 7 8 9 11 13 14 15 16 17 19 20 21 22 23 25 27 28 29 30 31 32 | 127.60 127.60 139.80 127.60 127.60 128.83 155.30 104.58 155.50 159.40 113.30 104.10 160.70 106.16 156.31 79.31 126.69 115.86 27.98 27.98 198.90 140.30 128.20 127.97 132.40 127.97 128.20
83 | 2 3 4 5 6 7 8 9 10 12 14 15 16 17 18 20 21 22 23 24 26 27 28 | 77.70 40.50 84.95 107.63 153.10 106.30 151.10 104.00 154.40 160.40 110.10 158.90 38.70 23.30 14.00 76.60 126.90 116.50 27.98 27.98 58.14 15.10 18.90
84 | 2 3 4 5 6 7 8 9 10 12 14 15 16 17 18 20 21 22 23 24 26 27 28 | 77.70 36.47 84.95 108.51 153.10 106.30 151.10 104.00 154.40 160.40 110.10 158.90 38.70 23.30 14.00 76.60 126.90 116.50 27.98 27.98 58.14 12.69 18.90
85 | 1 2 3 4 5 6 8 9 10 12 13 14 15 16 20 21 22 23 24 | 158.94 100.69 162.90 102.30 158.04 99.48 156.07 107.02 184.98 158.95 116.21 146.43 111.92 21.73 65.38 119.58 138.93 19.30 26.60
86 | 1 2 3 5 6 8 9 10 11 12 13 14 15 17 20 | 147.36 114.80 175.00 120.50 155.60 118.30 134.71 124.78 125.90 106.92 148.11 142.00 146.80 61.10 56.37
87 | 1 2 4 5 6 8 9 10 11 13 14 15 16 18 20 | 106.07 155.78 136.50 119.45 183.45 126.41 124.20 117.44 144.25 93.02 164.33 92.20 161.26 56.19 55.80
88 | 1 2 4 5 6 8 9 10 11 13 14 15 16 18 | 106.07 153.07 136.50 119.45 183.45 126.41 124.20 117.44 144.25 107.08 134.21 102.95 158.93 55.83
89 | 1 2 3 5 6 8 9 10 11 13 14 15 16 17 18 19 20 21 23 24 25 26 27 | 153.60 106.07 181.28 122.00 144.70 145.50 120.53 124.20 116.00 161.00 108.20 155.12 111.25 22.10 121.00 134.00 17.80 25.60 21.20 123.10 131.81 17.80 25.60
90 | 1 2 3 4 5 6 7 8 9 10 11 12 13 14 15 16 17 18 19 20 21 22 23 24 25 28 29 30 31 32 34 36 | 24.19 80.87 37.91 55.60 36.60 37.50 47.49 39.19 32.72 18.60 41.92 139.00 125.44 22.99 53.10 48.40 23.90 28.20 36.80 30.70 38.90 39.20 16.90 20.95 180.30 22.69 16.59 15.68 22.42 22.42 170.79 21.21
91 | 1 2 4 5 6 7 8 9 10 11 12 13 14 15 16 17 18 19 20 21 22 23 24 25 26 28 29 30 31 32 | 41.50 213.10 58.20 42.10 59.50 22.30 37.40 53.10 18.20 41.30 37.91 39.03 29.54 35.60 39.26 35.02 29.04 31.10 31.27 33.17 27.80 34.29 33.28 33.28 67.32 18.99 18.61 17.90 14.60 6.80
92 | 1 2 4 5 6 7 8 9 10 11 12 13 14 15 16 17 18 19 20 21 22 23 24 25 26 27 28 29 30 31 | 70.90 210.55 48.20 42.10 48.29 34.70 37.47 52.69 18.20 41.30 38.30 39.70 29.65 33.90 42.80 30.00 36.00 32.40 39.20 32.80 28.20 35.30 33.40 33.40 32.10 18.60 20.20 16.59 14.60 9.83
93 | 1 2 4 5 6 7 8 9 10 11 12 13 14 15 16 17 18 19 20 21 22 23 24 25 26 28 29 30 31 32 | 70.90 210.55 53.23 42.10 48.29 34.70 37.47 52.69 18.20 41.30 37.91 39.03 29.65 33.90 39.26 35.02 29.04 31.10 31.27 33.17 27.80 34.29 33.28 33.28 67.32 18.99 18.61 16.59 14.60 9.83
94 | 1 2 3 5 6 8 9 10 11 12 13 14 16 17 19 20 21 22 24 25 26 27 28 | 155.78 104.00 182.12 110.14 152.47 102.44 150.94 135.76 121.50 120.99 132.31 77.43 26.84 26.84 161.50 111.10 163.80 93.50 21.90 123.01 132.34 17.80 25.60
95 | 1 2 3 4 5 6 7 8 9 12 13 14 15 16 17 18 19 21 23 24 26 27 | 154.90 107.27 161.24 103.70 152.52 104.25 42.36 35.21 169.64 33.30 20.45 20.45 22.10 121.80 132.70 18.26 25.68 201.69 45.80 77.30 15.95 9.05
96 | 1 2 3 4 5 6 7 8 9 12 13 14 16 18 19 20 22 23 25 27 28 | 160.67 109.60 161.24 104.00 155.50 104.58 156.50 108.90 159.20 77.90 27.80 10.50 209.55 40.38 18.69 18.69 27.07 91.00 71.00 24.70 24.70
97 | 1 2 3 4 5 6 7 8 9 12 13 14 16 18 19 20 22 23 25 27 28 | 160.67 109.60 161.24 104.25 157.10 104.58 156.50 108.90 159.20 77.90 27.80 10.50 206.30 46.65 18.10 13.80 27.07 91.00 71.00 24.70 24.70
98 | 1 2 3 4 5 6 7 8 9 12 13 14 16 18 19 20 21 23 24 26 28 29 | 160.67 109.60 161.24 104.25 157.10 104.58 156.50 108.90 159.20 77.90 27.80 10.50 206.93 54.20 26.20 23.00 23.00 27.07 91.00 71.00 24.70 24.70
99 | 1 2 3 4 5 6 7 8 9 12 13 14 16 18 19 20 21 23 24 26 28 29 | 160.67 109.60 161.24 104.00 155.50 104.58 156.50 108.90 159.20 77.90 27.80 10.50 210.10 47.00 27.00 11.87 16.60 27.07 91.00 71.00 24.70 24.70
100 | 1 2 3 4 5 6 7 9 10 12 13 14 15 17 18 19 20 21 | 107.60 147.35 131.53 145.00 121.37 128.17 181.72 103.10 156.20 93.50 163.80 111.10 161.24 21.90 123.01 132.34 17.80 25.60
101 | 1 2 3 4 5 6 8 10 11 13 14 15 16 | 97.88 164.60 93.20 155.78 107.02 163.07 181.72 121.37 145.00 131.53 147.35 107.60 128.17
102 | 1 2 3 4 5 6 7 9 10 12 13 14 15 17 18 19 21 22 23 24 25 26 27 29 31 | 121.35 113.36 139.55 145.22 121.37 115.94 181.28 107.27 144.20 118.80 154.10 105.63 158.04 115.77 127.16 78.81 27.48 27.48 41.20 149.52 110.61 28.88 28.88 168.00 20.20
103 | 1 2 3 4 5 6 7 8 9 10 11 12 16 17 18 19 20 22 24 25 27 28 | 154.90 107.27 155.12 105.63 154.90 104.25 40.45 30.56 20.47 14.16 35.91 175.43 78.81 127.16 115.77 27.48 27.48 192.20 45.80 77.30 15.95 9.05
104 | 1 2 3 4 5 6 7 8 9 10 11 12 13 14 15 16 17 18 19 20 21 22 23 24 25 26 27 28 29 30 | 30.78 68.10 40.90 37.22 48.29 20.70 41.52 53.10 17.40 35.80 38.30 39.70 30.50 35.21 42.80 30.00 36.00 32.40 39.20 32.80 28.20 35.30 33.40 33.40 32.10 18.60 20.20 13.91 16.59 13.10
105 | 1 3 4 5 6 7 8 9 10 11 12 13 14 15 16 17 18 19 20 21 22 24 25 26 28 29 31 32 33 36 37 38 39 40 41 | 200.44 121.75 168.41 109.24 174.40 59.20 36.03 118.73 134.80 18.40 26.20 41.90 44.30 33.00 122.95 131.90 22.07 22.07 148.25 111.80 18.15 76.23 45.80 198.48 11.03 18.71 43.19 35.91 175.43 139.29 127.80 128.70 127.42 128.70 127.80
106 | 1 3 4 5 6 7 8 9 10 11 12 13 14 15 16 17 18 19 20 21 22 24 25 26 28 29 31 32 33 34 35 36 | 200.44 121.75 168.41 109.24 174.40 59.20 36.03 118.73 135.29 20.12 24.99 41.90 44.30 33.00 122.95 131.90 22.07 22.07 148.25 111.80 18.15 76.54 45.80 198.48 14.40 18.39 30.80 33.90 20.50 14.00 37.70 174.00
107 | 1 2 3 4 5 6 7 8 9 12 13 14 16 17 18 19 20 22 24 25 27 28 | 154.90 107.27 155.12 105.63 154.90 113.59 40.45 35.91 175.43 30.56 20.47 14.16 78.81 127.16 115.77 27.48 27.48 192.20 45.80 77.30 15.95 9.05
108 | 1 2 3 4 5 6 7 8 9 12 13 14 16 17 18 19 20 22 24 25 27 28 30 31 | 154.90 107.27 153.90 110.08 154.90 113.59 40.45 35.91 175.43 30.56 20.47 14.16 78.81 124.93 118.46 27.48 27.48 169.30 20.40 192.20 45.80 77.30 15.95 9.05
109 | 1 2 3 4 5 6 7 8 9 12 13 14 15 17 18 19 20 21 23 25 26 28 29 | 154.90 107.27 160.58 105.63 154.90 113.59 40.45 35.91 173.52 52.02 30.56 20.47 14.16 78.81 127.16 115.77 27.48 27.48 192.20 45.80 77.30 15.95 9.05
110 | 1 2 3 4 5 6 7 8 10 12 13 14 15 16 17 21 22 23 24 25 26 27 28 29 30 31 33 34 35 36 37 38 39 40 41 42 43 44 | 69.00 48.30 43.00 37.50 40.51 174.40 119.10 193.50 181.86 129.10 126.80 115.13 151.51 145.45 115.86 78.70 46.75 40.02 30.90 122.45 133.82 18.80 26.01 25.65 25.65 206.30 27.90 122.50 133.60 17.80 25.90 24.70 24.70 26.60 119.80 135.00 18.30 26.00
111 | 1 2 3 4 5 6 7 8 9 12 13 14 15 16 17 18 19 21 23 24 26 27 | 154.90 107.27 161.24 103.70 152.52 113.59 39.97 35.21 169.64 30.56 20.47 14.16 22.10 121.80 132.70 18.26 25.68 201.69 45.80 77.30 15.95 9.05
112 | 1 2 4 5 6 7 8 9 10 11 12 13 14 15 16 17 18 19 20 21 22 23 24 25 26 27 28 29 30 31 | 35.23 217.79 47.40 55.00 37.22 38.48 49.15 39.10 36.84 20.71 164.75 116.75 35.68 34.64 48.29 37.40 33.40 17.35 22.50 41.90 30.23 33.75 37.31 29.36 29.36 22.98 26.15 15.54 23.85 23.85
113 | 1 2 3 4 6 7 8 9 10 11 12 14 16 17 19 20 21 22 23 24 25 27 28 | 127.70 115.73 104.48 159.21 77.98 28.28 28.28 94.19 155.66 103.78 159.56 183.45 110.14 157.70 113.03 113.03 156.07 118.13 120.10 132.54 76.13 27.47 27.47
114 | 1 2 4 5 6 8 9 10 11 13 14 15 16 | 108.74 155.70 136.50 121.37 181.72 115.94 124.20 117.44 144.25 107.30 137.10 110.10 161.80
115 | 1 2 4 5 6 8 9 10 11 13 14 15 16 18 | 111.75 153.07 136.50 119.45 183.45 126.41 124.20 117.44 144.25 113.00 124.10 146.80 145.10 60.90
116 | 1 2 3 5 6 8 9 10 11 13 15 17 18 19 20 | 155.70 108.74 181.72 121.85 145.00 134.68 140.10 151.84 106.92 56.30 60.40 161.80 110.10 137.10 107.30
117 | 1 2 4 5 6 8 9 10 11 12 13 14 15 17 | 111.75 149.30 155.13 122.08 173.00 126.49 124.30 135.55 117.53 113.00 124.10 146.80 145.10 60.90
118 | 1 3 4 6 7 8 9 10 11 13 14 15 16 | 177.10 121.30 156.10 151.00 122.00 115.38 148.13 115.62 113.03 118.07 135.55 124.78 126.60
119 | 1 2 3 4 5 6 7 9 10 11 12 13 14 15 16 17 18 19 20 21 22 23 24 25 26 27 28 29 31 | 123.20 145.60 121.10 118.30 147.07 121.60 12.20 74.70 31.00 20.53 25.60 37.90 23.24 124.78 134.62 16.97 39.70 26.80 123.60 134.20 15.83 39.20 26.50 124.03 130.53 17.45 25.32 12.10 13.20
120 | 1 2 3 4 5 7 8 9 10 11 12 13 14 15 16 17 18 19 20 21 22 23 24 25 26 27 28 | 153.90 118.10 22.34 31.17 74.70 37.90 22.87 124.78 134.62 39.70 26.95 124.89 134.20 39.20 26.50 124.03 130.53 17.45 25.32 15.83 15.50 25.60 113.84 154.23 115.30 131.22 16.37
121 | 1 2 3 4 5 6 7 9 10 11 12 13 14 15 16 17 18 19 20 21 22 23 24 25 26 27 28 30 | 127.10 146.10 112.20 118.10 153.90 125.85 12.19 78.00 31.17 22.34 40.40 22.87 124.78 134.62 39.70 26.95 124.89 134.20 39.20 26.50 124.03 130.53 17.45 25.32 15.83 15.50 23.90 11.90
122 | 1 2 3 4 6 7 9 10 11 13 14 15 16 17 18 19 20 21 22 23 24 25 26 27 28 29 30 31 32 33 34 | 43.00 46.71 69.00 213.54 57.35 213.54 61.60 45.40 207.90 35.09 123.42 136.04 39.60 26.50 124.03 130.53 17.45 25.32 15.90 36.03 119.80 135.00 18.30 26.00 20.44 20.44 27.90 122.50 133.60 17.80 25.90
123 | 1 2 3 4 5 6 7 8 9 10 11 12 13 14 15 16 17 18 19 20 | 130.07 130.07 27.81 29.25 29.50 29.20 29.25 32.04 22.15 13.97 27.81 29.25 29.07 29.23 29.63 29.62 29.52 25.63 33.80 174.70
124 | 1 2 3 4 5 6 9 11 12 13 14 15 16 17 18 | 147.35 115.40 128.44 117.36 145.22 131.53 159.69 113.16 156.02 137.74 127.52 128.26 128.83 128.26 127.52
125 | 1 3 4 5 6 7 8 9 10 13 14 15 17 18 19 21 22 24 25 26 27 28 29 30 31 32 33 34 35 36 37 38 | 200.44 59.20 184.60 109.24 158.26 121.75 30.80 37.70 174.00 33.90 20.50 14.00 76.54 44.96 197.09 10.74 18.39 36.03 118.73 135.29 20.12 24.99 41.90 41.20 29.40 35.22 145.31 110.16 22.70 147.74 109.96 21.23
126 | 1 2 3 5 6 8 9 10 11 13 14 15 17 18 19 20 21 22 23 24 25 26 27 | 154.90 117.10 181.72 103.10 157.00 93.90 159.60 104.99 158.04 115.80 127.70 77.98 28.28 28.28 108.40 143.97 147.08 118.80 22.40 123.40 130.80 18.26 25.68
127 | 1 3 4 6 7 8 9 10 11 12 13 15 16 17 19 20 21 22 23 24 25 26 27 30 | 184.90 119.40 145.22 144.20 107.27 163.07 96.44 161.68 104.30 50.27 88.23 14.00 25.30 25.30 137.88 152.36 114.60 135.43 32.05 123.75 132.00 21.80 21.80 61.43
128 | 1 3 4 5 6 7 8 9 10 11 12 13 17 18 19 21 22 24 25 26 27 28 29 30 31 32 33 34 35 36 37 38 | 200.44 40.51 184.60 109.24 158.26 121.75 30.80 33.90 20.50 14.00 37.70 174.00 76.23 48.25 197.09 14.40 18.71 41.90 42.60 38.87 47.88 30.58 144.10 110.30 22.80 23.97 23.97 34.77 35.22 145.31 110.16 22.43
129 | 1 2 3 4 5 6 8 10 11 12 13 14 15 16 17 19 20 21 22 23 25 26 27 29 30 | 103.80 159.30 105.40 155.60 102.70 154.80 159.40 113.30 155.30 139.80 127.60 127.60 128.83 127.60 127.60 78.60 127.80 115.20 27.65 27.65 77.30 45.80 191.50 9.05 15.95
130 | 1 2 3 5 6 8 9 10 11 13 14 15 17 18 19 20 21 22 23 24 25 26 27 | 147.30 122.00 181.28 107.27 144.20 118.80 154.10 105.63 158.04 115.77 127.16 78.81 27.48 27.48 41.30 149.52 110.61 28.88 28.88 116.00 124.20 120.53 152.00
131 | 1 2 3 4 5 6 7 9 10 11 13 15 16 17 18 19 22 23 24 25 26 | 166.40 114.30 157.70 100.80 156.10 104.00 209.55 40.38 18.69 18.69 160.20 108.90 156.50 77.90 27.80 10.50 22.10 121.10 133.70 18.26 25.68
132 | 1 2 3 4 5 6 7 9 10 11 12 14 16 17 18 19 20 23 24 25 26 27 | 166.40 114.30 157.70 100.80 156.10 104.00 210.10 47.00 27.00 11.87 16.60 160.20 108.90 156.50 77.90 27.80 10.50 22.10 121.10 133.70 18.26 25.68
133 | 1 2 3 4 5 6 7 9 10 11 12 14 16 17 18 19 20 23 24 25 26 27 | 166.40 114.30 157.70 100.80 156.10 104.00 210.10 47.00 27.00 11.87 16.60 160.20 108.90 156.50 77.90 27.80 10.50 22.10 121.10 133.70 18.26 25.68
134 | 1 2 3 4 5 6 7 9 10 11 13 14 15 16 17 19 20 21 24 26 27 | 153.90 104.58 155.12 106.83 152.52 106.07 205.61 46.63 17.97 13.94 77.80 128.79 116.20 27.90 27.90 156.50 108.90 160.20 77.90 27.80 10.50
135 | 1 2 4 5 6 8 9 10 11 13 14 15 16 17 19 21 | 110.15 149.80 153.07 106.07 182.61 158.93 102.95 134.21 107.08 55.83 106.88 111.90 150.63 145.22 61.00 56.02
136 | 1 2 3 5 6 8 9 10 11 13 15 16 17 18 | 155.78 102.30 180.50 114.30 149.30 113.00 124.10 146.80 145.10 60.90 163.78 99.38 164.60 93.20
137 | 1 2 3 5 6 8 9 10 11 13 14 15 16 17 20 | 155.78 116.76 181.72 121.37 145.22 150.63 112.84 121.35 115.94 56.02 154.30 130.30 158.30 93.00 59.80
138 | 1 2 3 5 6 8 9 10 11 13 14 15 16 17 20 | 151.90 102.50 180.50 106.07 153.07 107.08 134.21 102.95 158.93 55.83 154.30 130.30 158.30 93.00 59.80
139 | 1 2 3 5 6 8 9 10 11 13 14 15 16 18 20 | 155.78 116.76 181.72 121.37 136.50 144.25 117.44 124.20 115.94 152.51 131.40 162.30 96.70 56.70 61.10
140 | 1 2 3 5 6 8 9 10 11 14 15 16 17 18 20 | 158.04 107.02 181.28 122.00 154.57 96.91 146.90 145.90 108.40 56.10 162.90 97.15 167.39 92.88 56.40
141 | 1 2 4 5 6 8 9 10 11 13 14 15 16 17 18 20 21 22 23 25 27 | 121.37 147.36 155.78 103.10 181.72 161.24 113.76 158.11 93.74 55.99 21.45 122.21 130.50 17.80 25.60 139.90 156.09 107.37 128.17 56.26 61.18
142 | 1 2 4 5 6 8 9 10 11 14 15 16 17 18 20 | 114.30 149.80 149.80 114.30 174.60 145.10 146.80 124.10 113.00 60.90 113.00 124.10 146.80 145.10 60.90
143 | 1 2 4 5 6 8 9 10 11 12 15 16 17 18 19 21 | 115.72 157.92 158.79 121.62 175.63 129.24 126.01 134.96 118.15 165.99 51.98 100.44 165.43 113.74 128.46 55.54
144 | 1 2 3 5 6 8 9 10 11 13 15 16 17 18 19 | 155.78 107.02 181.72 121.37 147.36 139.90 156.09 107.37 128.17 56.26 61.18 163.07 97.88 164.60 93.20
145 | 1 2 4 5 6 8 9 10 11 14 15 16 17 18 20 | 106.07 155.78 149.30 114.30 181.11 145.10 146.80 124.10 113.00 60.90 93.20 162.25 93.11 161.26 56.19
146 | 1 3 4 5 6 7 8 9 10 12 14 15 | 69.66 64.40 126.97 135.43 35.74 108.65 158.10 116.11 154.64 8.54 56.01 21.13
147 | 1 2 4 5 6 8 9 10 11 13 14 15 16 18 20 | 111.75 155.78 156.35 103.50 182.61 161.80 110.54 136.20 107.00 93.00 153.89 137.88 149.03 61.83 61.43
148 | 1 2 4 5 6 8 9 10 11 13 15 16 17 18 19 21 | 106.07 155.78 147.36 119.45 183.45 128.17 107.37 156.09 139.90 61.18 56.26 93.20 162.25 93.11 161.26 56.19
149 | 1 2 4 5 6 8 9 10 11 13 15 16 17 18 19 22 | 119.45 147.36 153.07 111.75 183.45 145.22 150.63 111.90 106.88 56.02 61.00 137.88 151.47 115.40 128.17 61.43
150 | 1 2 4 5 6 8 9 10 11 13 15 16 17 18 19 21 | 114.30 149.80 149.80 110.15 174.60 145.22 150.63 111.90 106.88 56.02 61.00 113.00 124.10 146.80 145.10 60.90
151 | 1 2 4 5 6 8 9 10 11 12 13 14 15 16 18 19 20 21 22 24 25 26 27 | 122.00 147.30 144.20 108.00 182.00 161.00 112.10 159.00 111.90 42.00 28.50 151.20 112.40 28.50 22.30 123.10 131.81 17.80 25.60 152.00 120.53 124.20 116.00
152 | 1 2 4 5 6 8 9 10 11 14 15 16 17 18 20 22 | 106.07 155.78 149.30 114.30 181.11 145.10 146.80 124.10 113.00 60.90 93.02 164.33 92.20 161.26 56.19 55.80
153 | 1 2 3 5 6 8 9 10 11 13 15 16 18 20 21 22 23 24 25 27 29 30 31 32 | 155.70 108.74 181.72 121.85 147.36 137.57 137.23 151.84 106.92 56.30 77.50 80.00 60.51 121.18 147.08 148.43 113.75 129.03 123.60 56.10 161.80 110.10 137.10 107.30
154 | 1 2 3 5 6 8 9 10 11 13 15 16 18 20 21 22 23 24 25 28 30 31 32 33 34 | 155.70 108.74 181.72 121.85 147.36 137.57 137.23 151.84 106.92 56.30 77.50 80.00 60.51 121.18 159.70 96.91 146.90 140.50 114.90 56.10 56.30 161.80 110.10 137.10 107.30
155 | 1 2 3 5 6 8 9 10 11 14 15 17 19 20 21 22 23 24 26 27 28 29 30 | 157.00 103.10 181.72 117.10 154.90 109.54 147.18 147.09 108.40 80.18 70.45 71.97 25.73 25.73 158.04 104.99 159.60 93.90 77.98 127.70 115.80 28.28 28.28
156 | 1 2 4 5 6 8 9 10 11 13 15 16 17 18 19 20 21 22 23 25 26 27 28 29 | 103.10 156.20 150.90 119.60 181.90 116.60 128.10 147.08 127.44 61.07 29.60 122.70 131.90 17.10 25.20 93.50 163.80 111.10 161.24 21.90 123.01 132.34 17.80 25.60
157 | 1 2 4 5 6 8 9 10 11 14 15 16 17 19 21 | 106.07 155.78 145.00 119.45 183.45 128.17 107.60 147.35 131.53 93.02 164.33 92.20 161.26 56.19 55.80
158 | 1 2 4 5 6 8 9 10 11 13 15 16 17 18 | 102.30 155.78 149.52 107.73 184.98 150.03 142.87 120.20 105.55 56.99 93.20 164.60 97.88 163.07
159 | 1 2 3 5 6 8 9 10 11 12 13 14 16 17 18 19 20 21 22 23 24 25 26 28 31 | 144.20 106.07 173.00 119.45 145.22 145.22 113.47 128.26 126.03 121.39 129.64 79.05 28.55 28.55 145.22 135.64 145.22 114.88 41.71 28.96 28.96 150.44 109.49 61.00 61.00
160 | 1 2 3 5 6 8 9 10 11 13 14 15 17 18 19 20 21 22 25 26 27 28 29 | 145.00 119.60 181.90 103.10 155.78 94.19 159.21 104.99 158.04 115.80 127.70 77.98 28.28 28.28 123.40 112.70 145.22 137.06 79.05 129.64 121.39 28.55 28.55
161 | 1 2 4 5 6 8 9 10 11 14 15 16 17 19 21 | 111.75 149.30 155.78 102.30 180.50 163.78 99.38 164.60 93.20 106.88 111.90 150.63 145.22 61.00 56.02
162 | 1 2 3 5 6 8 9 10 11 12 13 14 15 16 20 21 22 23 24 | 155.78 120.86 175.31 121.37 145.22 145.22 134.90 128.98 126.03 31.51 30.56 39.07 17.00 182.21 61.00 126.10 124.78 134.71 118.05
163 | 1 2 3 5 6 8 9 10 11 13 14 15 16 19 | 155.78 116.76 181.72 121.37 136.50 144.25 117.44 124.20 115.94 154.30 130.30 158.30 93.00 59.80
164 | 1 3 4 6 7 8 9 10 11 13 14 15 16 | 184.98 116.76 149.52 156.35 107.02 161.80 110.54 136.45 107.00 113.00 123.90 137.30 143.50
165 | 1 2 4 5 6 8 9 10 11 13 14 15 16 17 | 108.74 156.35 151.00 122.00 181.31 105.60 155.90 123.60 119.30 55.70 107.00 136.20 110.10 161.80
166 | 1 2 4 5 6 8 9 10 11 13 14 15 16 17 | 121.30 156.10 151.00 122.00 177.10 105.60 155.90 123.60 119.30 55.70 118.07 135.55 124.78 126.60
167 | 1 2 3 4 5 6 7 8 9 11 12 13 14 15 16 17 18 19 23 25 26 28 29 | 159.65 106.07 160.91 111.53 154.90 110.08 118.46 124.93 78.81 27.46 27.46 40.45 30.56 28.90 22.68 13.92 35.91 175.43 201.69 45.80 77.30 15.95 9.05
168 | 1 2 3 4 5 6 7 8 9 12 13 14 15 17 18 19 20 21 23 25 26 28 29 | 154.90 107.27 155.12 105.63 154.90 113.59 40.45 35.91 175.43 30.56 28.90 22.68 13.92 78.81 127.16 115.77 27.48 27.48 192.20 45.80 77.30 15.95 9.05
169 | 1 2 4 5 6 8 9 10 11 12 13 14 15 | 121.10 155.60 155.60 121.10 175.90 125.95 124.78 135.55 118.07 118.07 135.55 124.78 125.95
170 | 1 2 4 5 6 8 9 10 11 13 14 15 16 18 | 114.30 149.30 156.35 103.50 182.61 161.80 110.54 136.20 107.00 113.00 124.10 146.80 145.10 60.90
171 | 1 2 3 4 5 6 7 8 9 11 12 13 14 15 16 17 18 19 20 22 24 25 27 28 | 158.93 106.07 165.18 103.26 154.77 104.75 115.10 127.80 79.31 27.65 27.65 137.30 112.80 132.70 127.31 128.55 128.32 128.55 127.31 192.20 45.80 77.30 15.95 9.05
172 | 1 2 3 4 5 6 7 8 9 11 12 13 14 15 16 17 18 19 20 22 24 25 27 28 | 158.93 106.07 165.18 103.26 154.77 104.75 115.10 127.80 79.31 27.65 27.65 137.30 112.80 132.70 127.31 128.55 128.32 128.55 127.31 192.20 45.80 77.30 15.95 9.05
173 | 1 2 3 4 5 6 7 8 9 11 12 13 15 16 17 19 20 21 24 25 26 27 28 29 | 153.90 101.50 155.12 106.07 153.90 104.75 116.20 128.79 77.80 27.90 27.90 205.61 46.63 17.97 13.94 156.60 112.30 158.62 139.00 127.30 128.10 128.83 128.10 127.30
174 | 1 2 3 4 5 6 8 10 11 12 13 14 15 16 17 19 21 22 23 25 26 27 28 30 | 109.79 160.80 107.27 155.12 104.58 157.90 158.62 113.96 156.10 138.34 127.20 128.10 128.83 128.10 127.20 206.50 46.55 18.18 13.94 91.37 27.30 71.68 25.06 25.06
175 | 1 2 4 5 6 8 9 10 11 13 14 15 16 17 19 | 114.30 149.80 153.07 106.07 182.61 158.93 102.95 134.21 107.08 55.83 113.00 124.10 146.80 145.10 60.90
176 | 1 2 3 5 6 8 9 10 11 12 13 14 15 | 145.00 121.37 175.31 120.86 155.78 118.05 134.71 124.78 126.10 128.17 107.60 147.35 131.53
177 | 1 2 3 4 5 6 8 10 11 12 14 15 16 17 | 151.47 115.40 128.17 121.37 147.36 137.88 61.43 155.60 120.86 175.31 126.10 124.78 134.71 118.30
178 | 1 2 3 5 6 8 9 10 11 12 13 14 15 | 136.50 121.37 175.31 120.86 155.78 118.05 134.71 124.78 126.10 115.94 124.20 117.44 144.25
179 | 1 2 3 4 5 6 7 8 9 12 13 14 15 16 18 19 20 21 22 24 26 27 29 30 | 154.90 107.27 155.12 105.63 154.90 113.59 40.45 35.91 175.43 30.56 27.74 31.70 22.55 13.96 78.81 127.16 115.77 27.48 27.48 192.20 45.80 77.30 15.95 9.05
180 | 1 2 3 4 5 6 8 9 10 11 12 14 16 17 18 20 22 24 25 26 27 28 | 104.25 154.90 107.27 160.58 105.63 154.90 78.81 127.16 115.77 27.48 27.48 200.52 48.25 13.60 69.52 20.69 169.64 35.21 38.50 31.70 19.60 19.60
181 | 1 2 3 4 5 6 7 8 9 10 11 12 13 14 15 19 20 21 22 23 25 27 28 30 31 | 154.90 107.27 155.12 105.63 154.90 104.25 41.77 137.31 127.15 128.70 127.50 128.70 127.15 35.91 175.43 78.81 127.16 115.77 27.48 27.48 192.20 45.80 77.30 15.95 9.05
182 | 1 2 3 4 5 6 8 10 11 12 14 15 16 17 18 20 21 22 24 25 | 106.30 153.10 106.30 154.77 103.26 154.40 159.42 111.43 146.70 19.13 76.60 126.90 116.50 27.98 27.98 77.70 40.50 67.20 15.10 18.90
183 | 1 2 3 4 5 6 8 10 11 12 14 15 16 17 18 20 21 22 24 25 | 106.30 153.10 106.30 154.77 103.26 154.40 159.42 111.43 146.70 19.13 76.60 126.90 116.50 27.98 27.98 77.70 40.50 67.20 15.10 18.90
184 | 1 2 3 4 5 6 7 8 9 10 14 15 16 17 18 20 22 23 25 26 | 154.90 107.27 160.58 105.63 154.90 104.25 29.80 22.34 42.60 178.40 78.81 127.16 115.77 27.48 27.48 192.20 45.80 77.30 15.95 9.05
185 | 1 2 3 4 5 6 7 8 9 11 12 13 14 15 16 17 18 22 24 25 27 28 | 159.65 106.07 159.80 104.25 154.90 110.08 118.46 124.93 78.81 27.46 27.46 40.45 30.56 20.47 14.16 35.91 175.43 201.69 44.96 77.30 15.95 9.62
186 | 1 2 5 6 7 8 9 10 11 12 13 14 15 17 18 19 20 21 22 24 25 26 28 29 | 111.20 158.40 156.20 103.00 157.60 38.70 23.20 13.95 156.70 105.90 160.70 104.10 198.90 140.30 128.20 127.97 132.40 127.97 128.20 115.90 126.69 79.70 27.98 27.98
187 | 1 2 3 4 6 7 8 9 11 13 14 15 16 18 20 21 22 23 24 25 26 27 28 29 31 | 91.00 27.07 109.60 160.67 104.58 155.50 104.00 161.24 210.10 47.00 16.60 27.00 11.87 159.40 113.30 155.30 139.80 127.60 127.60 128.83 127.60 127.60 71.00 24.70 24.70
188 | 1 3 4 5 6 8 9 10 11 13 14 15 16 17 19 20 21 23 24 25 26 27 28 29 30 | 159.00 112.30 155.35 101.30 153.90 107.27 154.90 110.29 158.33 22.32 122.43 132.25 18.26 25.68 77.30 45.80 192.20 9.05 15.95 138.30 127.30 128.70 128.83 128.70 127.30
189 | 1 2 3 4 5 6 8 10 11 12 14 15 16 17 19 20 21 22 23 25 26 27 28 29 | 147.08 128.10 116.60 119.60 150.90 127.44 61.07 155.78 103.10 181.90 158.04 104.99 159.21 94.19 77.98 127.70 115.80 28.28 28.28 29.60 122.70 131.90 17.10 25.20
190 | 1 2 3 4 5 6 8 9 10 12 13 14 15 16 17 18 19 20 22 23 24 25 26 | 115.62 148.13 115.38 122.00 154.30 113.03 153.60 107.27 181.28 158.04 105.63 157.51 107.60 21.50 122.10 131.70 18.26 25.68 78.37 127.16 115.77 27.04 27.04
191 | 1 2 3 4 5 6 8 9 10 12 13 14 15 16 17 20 21 22 24 25 26 27 28 | 115.62 148.13 115.38 122.00 154.30 113.03 153.60 107.27 181.28 158.04 105.63 157.12 111.84 37.56 85.87 144.10 113.70 17.10 79.05 127.16 115.77 27.04 27.04
192 | 1 2 3 4 5 6 8 9 10 12 13 14 15 16 17 18 20 21 24 25 26 27 28 | 115.62 148.13 115.38 122.00 154.30 113.03 154.90 107.27 181.28 158.04 105.63 154.90 105.10 69.50 62.29 57.20 22.00 22.00 78.81 127.16 115.77 27.48 27.48
193 | 1 2 3 4 5 6 8 9 10 12 13 14 15 16 17 18 19 20 22 23 24 25 26 29 | 146.00 147.69 106.92 122.00 156.07 100.37 153.60 107.27 181.28 158.04 105.63 157.51 107.60 21.50 122.10 131.70 18.26 25.68 78.37 127.16 115.77 27.04 27.04 56.10
194 | 1 2 3 4 5 6 8 9 10 12 13 14 15 17 18 19 20 21 24 | 146.00 147.69 106.92 115.40 154.57 100.37 155.78 103.10 181.28 158.04 104.99 159.21 94.19 77.98 127.70 115.80 28.28 28.28 56.10
195 | 1 2 3 4 5 6 7 9 10 12 13 14 15 17 18 20 21 22 25 27 28 29 30 31 | 128.10 147.08 127.44 150.90 119.60 116.60 181.90 103.10 156.20 93.50 165.40 105.20 161.24 28.80 73.70 148.00 109.80 17.30 61.07 29.60 122.70 131.90 17.10 25.20
196 | 1 3 4 5 6 8 9 10 11 13 14 15 16 17 19 20 21 23 24 25 26 27 28 29 30 | 159.00 112.30 155.35 101.30 153.90 107.27 154.90 110.29 158.33 22.32 122.43 132.25 18.26 25.68 77.30 45.80 192.20 9.05 15.95 138.30 127.30 128.70 128.83 128.70 127.30
197 | 1 2 3 4 6 7 8 9 10 12 13 14 16 17 19 21 22 23 24 25 26 27 28 29 30 | 106.30 116.50 126.90 76.60 155.60 103.26 154.40 106.30 153.10 77.70 40.50 67.20 15.10 18.90 159.40 113.03 156.37 139.80 127.60 128.26 128.83 128.26 127.60 27.98 27.98
198 | 1 2 3 4 6 7 8 9 10 12 13 14 16 17 19 21 22 23 24 25 26 27 28 29 30 | 106.30 116.50 126.90 76.60 155.60 103.26 154.40 106.30 153.10 77.70 40.50 67.20 15.10 18.90 159.40 113.03 156.37 139.80 127.60 128.26 128.83 128.26 127.60 27.98 27.98
199 | 1 2 3 4 5 6 7 8 9 10 11 13 14 15 17 18 19 20 23 24 25 26 27 29 30 31 32 33 | 155.12 108.20 161.00 106.07 153.60 111.25 22.10 121.00 134.00 17.80 25.60 145.22 119.60 181.28 123.40 112.70 145.22 137.06 79.05 129.64 121.39 28.55 28.55 21.20 123.10 131.81 17.80 25.60
200 | 1 2 3 4 5 6 7 9 10 11 12 14 15 16 19 20 21 22 24 25 26 27 | 121.10 133.70 18.26 25.68 21.80 113.20 166.40 104.00 157.50 103.26 158.33 145.22 110.64 160.50 38.73 23.09 13.97 210.10 47.00 27.00 11.87 16.60
201 | 1 2 4 5 6 8 9 10 11 12 13 14 16 17 18 19 20 23 24 25 26 27 | 40.50 77.70 153.10 106.30 67.20 154.40 104.00 151.10 106.30 116.50 126.90 76.60 27.98 27.98 158.90 110.10 160.40 38.70 23.30 14.00 18.90 15.10
202 | 1 3 4 5 6 7 8 9 10 12 13 14 15 17 18 19 22 23 24 25 26 27 28 30 | 147.00 152.30 110.00 111.20 156.50 103.40 165.90 103.70 204.40 51.80 25.50 22.60 22.60 156.40 114.45 159.00 138.88 127.20 128.10 128.83 128.10 127.20 186.10 26.40
203 | 1 3 4 5 6 7 8 9 10 12 13 14 15 17 18 19 22 23 24 25 26 27 | 143.90 156.00 109.70 104.70 153.30 103.73 163.40 103.60 208.60 45.65 16.25 26.45 11.70 156.70 114.45 159.30 138.88 127.20 128.10 128.83 128.10 127.20
204 | 1 2 3 4 6 7 8 9 11 13 14 15 16 18 20 21 22 23 24 25 26 27 | 145.94 104.78 121.90 151.80 130.16 152.52 106.07 150.19 206.93 54.20 26.20 23.00 23.00 159.40 113.16 156.02 137.74 127.52 128.26 128.83 128.26 127.52
205 | 1 3 4 5 6 8 9 10 11 13 15 16 17 18 20 21 22 23 24 25 26 27 28 29 30 | 158.62 112.30 156.60 101.50 153.90 104.75 153.90 106.07 155.12 200.95 46.24 16.53 26.94 11.82 77.80 128.79 116.20 27.90 27.90 139.00 127.30 128.10 128.83 128.10 127.30
206 | 1 3 4 5 6 8 9 10 11 13 15 16 17 19 20 21 22 23 24 25 26 | 160.50 109.60 160.10 103.26 153.90 104.75 153.90 106.07 155.12 205.61 46.63 17.97 13.94 77.80 128.79 116.20 27.90 27.90 38.60 22.80 14.00
207 | 1 3 4 5 6 7 8 9 10 12 13 14 16 17 18 21 22 23 24 26 27 | 91.37 160.80 109.79 27.30 157.90 103.20 155.12 107.27 206.50 46.55 18.18 13.94 160.10 109.60 160.50 38.60 22.80 14.00 71.68 25.06 25.06
208 | 1 3 4 5 6 8 9 10 11 13 15 16 17 19 20 21 22 23 24 25 26 28 30 | 160.20 107.91 156.84 103.26 153.90 104.75 153.90 106.07 155.12 205.61 46.63 17.97 13.94 77.80 128.79 116.20 27.90 27.90 73.00 28.70 10.00 170.30 21.00
209 | 1 2 3 4 5 7 8 9 10 12 14 15 16 17 19 21 22 23 24 25 27 29 30 31 | 80.30 126.69 115.80 106.50 155.80 100.90 157.10 104.70 163.30 206.20 53.60 25.50 23.00 23.00 159.20 106.60 157.30 73.00 28.70 10.00 170.30 21.00 27.98 27.98
210 | 1 2 3 4 5 7 8 9 10 12 14 15 16 18 20 21 22 23 24 26 28 29 30 | 80.30 126.69 115.80 106.50 155.80 100.90 157.10 104.70 163.30 206.50 46.55 18.18 13.80 159.20 106.60 157.30 73.00 28.70 10.00 170.30 21.00 27.98 27.98
211 | 1 2 5 6 7 8 10 12 13 14 15 16 17 18 19 21 22 23 25 26 27 29 30 | 106.60 159.20 155.50 100.90 157.30 73.00 170.30 21.00 28.70 10.00 155.80 106.16 160.58 107.27 211.70 39.90 19.60 19.60 115.86 126.69 80.30 27.98 27.98
212 | 1 2 3 4 5 6 8 9 10 12 13 14 15 17 18 19 21 22 | 134.71 124.78 126.10 120.86 155.78 118.05 145.22 121.37 175.31 126.03 128.98 123.60 145.22 77.10 70.10 32.40 23.10 23.10
213 | 1 2 3 4 5 6 8 9 10 12 13 14 15 17 18 19 20 21 | 134.71 124.78 126.10 120.86 155.78 118.05 145.22 121.37 175.31 126.03 128.26 113.47 145.22 79.05 129.64 121.39 28.55 28.55
214 | 1 2 3 4 5 6 7 9 10 12 13 14 15 16 17 19 20 22 | 126.10 124.78 134.71 118.05 155.78 120.86 175.31 121.37 145.22 147.18 125.75 128.98 126.03 31.60 81.30 72.10 26.00 26.00
215 | 1 2 3 4 5 6 7 8 9 10 11 13 14 15 17 18 19 20 24 | 158.70 129.90 152.51 107.27 153.60 118.80 22.40 123.40 130.80 18.26 25.68 144.70 121.37 181.28 115.94 124.20 120.53 145.50 60.20
216 | 1 2 3 4 5 6 7 9 10 12 13 14 15 16 17 19 20 22 | 161.80 110.10 137.10 107.30 155.70 108.74 181.72 121.37 145.22 147.18 125.75 128.98 126.03 30.58 81.30 72.10 26.00 26.00
217 | 1 2 3 4 5 6 8 9 10 12 13 14 15 17 18 19 21 22 | 137.10 110.10 161.80 108.74 155.70 107.30 145.22 121.37 181.72 126.03 128.98 123.60 145.22 77.10 70.10 32.40 23.10 23.10
218 | 1 2 4 5 6 8 9 10 11 14 16 17 18 19 20 | 120.50 155.78 145.00 121.85 175.00 106.92 151.84 140.10 134.68 60.40 56.30 118.05 134.71 124.78 125.90
219 | 1 2 3 4 5 6 7 9 11 12 14 15 16 17 18 19 21 22 23 24 25 27 28 29 30 31 32 | 155.77 103.26 155.12 106.83 153.90 106.07 153.90 159.00 112.30 198.73 140.83 127.96 129.30 132.40 129.30 127.96 77.80 128.79 116.20 27.90 27.90 138.53 127.30 128.70 128.83 128.70 127.30
220 | 1 2 3 4 5 6 7 9 11 12 14 15 17 18 19 20 21 22 23 25 26 27 28 29 30 31 | 155.30 104.58 154.90 107.06 160.23 107.27 153.90 159.40 113.30 192.20 45.80 77.30 15.95 9.05 21.76 122.51 131.31 17.80 25.60 62.24 139.80 127.60 127.60 128.83 127.60 127.60
221 | 1 2 3 4 5 6 7 8 10 12 13 14 15 16 17 18 19 20 21 22 23 24 25 26 27 28 29 30 31 32 36 38 39 40 41 | 108.85 184.60 40.51 46.71 44.47 40.53 61.60 196.60 206.30 30.80 119.10 135.40 22.70 23.61 28.23 123.17 133.60 17.80 25.90 20.44 20.44 50.28 140.30 129.23 129.61 127.82 129.61 129.23 35.91 175.43 194.88 46.90 24.58 22.44 22.44
