1 | 1 2 3 4 5 6 7 8 9 10 11 12 13 14 15 16 18 20 22 26 | 147.45 145.80 115.15 121.60 133.50 112.05 39.10 41.13 41.13 39.10 133.50 121.60 115.15 145.80 147.45 112.05 55.97 65.53 65.53 55.97
2 | 1 2 3 4 5 6 7 8 9 11 | 121.24 114.41 143.99 146.63 111.27 131.96 39.90 137.75 115.63 55.97
3 | 1 2 3 4 5 6 7 8 9 11 | 36.70 25.30 124.30 131.43 17.73 25.82 30.80 39.40 60.70 19.40
4 | 1 2 3 4 5 6 8 9 10 11 12 13 14 15 16 18 | 161.19 107.41 129.46 122.44 159.80 97.79 85.00 41.50 27.30 130.70 128.30 114.50 158.95 114.50 128.30 56.57
5 | 1 2 3 4 5 6 8 9 10 11 12 13 14 15 16 | 161.19 107.41 129.46 122.44 159.80 97.79 85.00 41.50 27.30 130.00 130.90 115.70 158.43 115.70 130.90
6 | 1 2 3 4 5 6 7 9 10 11 12 13 14 15 16 17 19 | 160.34 114.15 129.46 123.60 154.40 112.65 8.25 79.01 29.50 27.30 130.80 118.20 146.10 147.10 112.80 108.80 55.55
7 | 1 2 3 4 5 6 7 9 10 11 12 13 14 15 16 17 | 160.34 114.15 129.46 123.60 154.40 112.65 8.25 80.50 41.50 27.30 130.70 128.40 115.70 157.67 115.70 128.40
8 | 1 2 3 4 5 6 8 9 10 11 12 13 14 15 16 | 161.19 107.41 129.46 122.44 159.80 97.79 85.00 41.50 27.30 141.18 125.97 128.33 126.80 128.33 125.97
9 | 1 2 3 4 5 6 8 9 10 12 13 14 15 16 17 | 161.19 112.26 128.17 124.40 164.60 97.79 79.90 43.27 194.10 130.40 129.00 115.78 157.67 115.78 129.00
10 | 1 2 3 4 5 6 8 9 11 12 | 115.83 130.43 131.26 130.43 115.83 156.06 34.20 61.40 45.40 45.40
11 | 1 2 3 4 5 6 7 8 | 120.90 118.80 111.40 136.00 127.70 120.00 101.00 125.00
12 | 1 2 3 4 5 6 8 10 11 13 14 15 16 17 18 19 21 23 | 147.39 106.84 129.10 126.60 109.93 146.85 101.30 43.80 60.60 56.80 53.40 28.05 139.60 114.90 26.33 78.88 170.46 21.19
13 | 1 2 3 4 5 6 8 10 11 13 14 15 16 17 18 19 22 24 26 | 137.40 140.40 118.30 141.61 105.50 148.00 100.20 48.43 64.43 57.10 52.24 38.62 35.50 75.00 38.30 76.48 171.08 22.34 61.00
14 | 1 2 3 4 5 6 8 9 10 12 14 15 16 17 19 20 21 23 25 | 139.90 149.35 108.89 137.77 109.93 151.84 56.30 43.80 78.88 169.84 26.33 114.90 139.60 66.40 56.70 27.90 43.80 61.17 61.18
15 | 1 2 3 4 5 6 8 9 11 12 13 14 15 16 17 19 21 23 | 137.88 140.40 118.30 141.61 106.15 152.36 44.00 62.90 55.80 53.40 44.00 30.17 71.89 123.66 132.10 55.99 61.00 61.43
16 | 1 2 3 4 5 6 8 10 11 13 14 15 17 18 19 20 22 24 | 137.40 140.40 118.30 141.61 105.50 148.00 100.20 51.70 67.70 55.80 63.90 81.30 30.17 71.89 123.66 137.40 55.99 61.00
17 | 1 2 3 4 5 6 8 9 11 12 13 14 15 16 17 18 19 21 23 | 148.70 109.20 132.90 122.00 111.55 147.70 55.60 54.30 40.70 57.10 34.05 131.26 127.18 114.00 157.00 114.00 127.18 56.57 55.50
18 | 1 2 3 4 5 6 8 10 11 13 14 15 16 17 18 19 | 147.16 106.80 132.10 124.20 106.30 146.40 101.30 45.50 56.90 58.30 60.50 153.60 132.45 68.04 68.20 32.70
19 | 1 2 3 4 5 6 8 10 11 13 15 16 17 18 20 21 22 25 | 136.01 149.35 108.89 137.77 109.93 146.87 100.96 42.27 78.34 168.90 67.02 132.45 143.60 66.40 56.70 28.05 43.80 61.17
20 | 1 2 3 4 5 6 8 10 11 13 14 15 16 17 18 19 | 147.39 106.84 129.10 126.60 109.93 146.85 101.30 42.27 60.60 56.80 53.40 28.05 139.60 114.90 34.70 68.91
21 | 1 2 3 4 5 6 8 10 11 13 14 15 16 17 18 19 21 22 23 | 147.39 106.84 128.45 137.77 109.93 146.85 101.30 40.70 63.50 50.60 57.11 74.80 139.27 127.70 43.47 57.86 47.40 24.00 26.94
22 | 1 2 3 4 5 6 8 9 11 12 13 14 15 16 17 20 22 | 147.69 106.84 129.10 126.60 114.73 150.90 41.20 60.60 56.80 53.40 28.20 143.60 114.70 80.80 68.10 55.60 56.10
23 | 1 2 3 4 5 6 8 10 11 13 14 15 17 18 19 20 23 25 | 137.40 140.40 118.30 141.61 105.50 148.00 100.20 48.43 64.43 55.80 63.90 77.30 35.50 72.65 52.63 61.24 56.70 61.00
24 | 1 2 3 4 5 6 8 10 11 13 14 15 17 18 19 20 22 | 147.90 104.50 127.10 137.70 108.10 148.40 101.55 51.70 67.70 61.80 63.90 81.30 30.17 71.89 123.66 137.40 55.99
25 | 1 2 3 4 5 6 8 10 11 12 13 15 16 17 18 19 20 | 111.30 124.60 134.82 132.00 146.90 144.00 55.90 86.20 48.70 36.80 50.32 54.88 40.70 131.60 127.50 64.20 33.70
26 | 1 2 3 4 5 6 8 10 11 13 14 15 17 18 19 20 22 | 147.90 104.50 127.10 137.70 108.10 148.40 101.55 51.70 67.70 61.80 63.90 81.30 30.40 71.89 124.30 137.40 55.99
27 | 1 2 3 4 5 6 8 10 11 13 15 16 17 18 20 21 22 | 147.23 109.87 128.01 137.77 109.93 146.85 101.18 42.27 73.80 163.90 67.02 132.45 143.60 66.40 56.70 28.05 43.80
28 | 1 2 3 4 5 6 8 10 11 12 13 14 15 17 22 23 24 25 26 28 | 135.69 147.08 112.90 133.75 106.36 146.87 101.35 133.00 116.70 66.83 72.73 69.90 53.40 160.71 105.28 72.90 73.50 72.44 77.71 61.10
29 | 1 2 3 4 5 6 8 9 10 12 14 15 16 17 19 20 21 23 | 147.60 112.30 129.50 126.50 109.40 147.60 56.17 43.80 67.30 90.70 31.70 114.90 139.60 66.40 56.70 27.90 43.80 56.03
30 | 1 2 3 4 5 6 8 10 11 12 13 14 15 17 | 148.60 106.95 124.30 130.70 103.90 151.50 102.05 132.40 122.60 73.20 69.80 69.90 53.40 163.80
31 | 1 2 3 4 5 6 8 10 11 13 14 15 16 17 18 19 | 147.39 106.84 129.10 126.60 109.93 146.85 101.30 41.20 60.60 56.80 53.40 28.20 143.60 132.45 68.14 74.83
32 | 1 2 3 4 5 6 8 10 11 12 13 14 15 17 | 135.69 147.08 112.90 133.75 106.36 146.87 101.35 133.00 122.60 73.20 69.80 69.90 53.40 160.71
33 | 1 2 3 4 5 6 8 10 11 12 13 15 16 17 18 19 21 | 111.30 124.60 134.82 132.00 146.90 144.00 55.90 89.40 48.70 36.80 50.32 54.88 40.70 146.70 126.00 192.90 36.80
34 | 1 2 3 4 5 6 8 10 11 13 15 16 17 18 | 135.69 147.08 112.90 137.77 109.93 146.87 101.35 40.80 67.00 160.71 71.67 72.73 76.50 75.73
35 | 1 2 3 4 5 6 8 10 11 13 15 17 18 19 20 21 23 24 | 147.23 110.63 137.38 141.61 105.50 147.13 101.35 51.70 90.85 90.70 57.11 64.43 30.40 71.89 124.30 137.40 55.99 42.64
36 | 1 2 3 4 5 6 7 8 10 12 13 14 16 17 18 19 20 22 23 24 | 119.85 120.00 124.60 112.00 138.70 125.35 115.50 129.37 139.32 41.91 19.20 161.51 125.36 138.01 110.19 130.80 150.90 146.56 129.50 120.30
37 | 1 3 4 5 6 8 10 12 13 14 15 16 18 19 20 | 63.46 60.16 127.40 135.87 62.75 174.60 83.90 31.90 16.45 16.45 72.50 16.60 57.08 23.64 30.65
38 | 1 2 3 4 5 6 7 8 9 10 11 12 13 14 15 16 17 18 19 20 22 23 24 | 31.64 71.51 42.32 140.84 121.43 31.98 32.15 50.37 36.50 37.32 18.19 21.16 38.07 42.47 57.11 26.26 34.10 42.90 48.00 11.80 40.00 40.00 15.54
39 | 1 2 3 4 5 6 7 8 10 12 13 14 15 17 | 147.15 148.84 106.86 127.16 137.31 109.89 116.70 137.50 160.71 116.30 131.70 123.10 124.00 102.64
40 | 1 2 3 4 5 6 7 8 9 11 12 14 15 16 17 18 19 21 23 24 25 26 | 156.83 115.91 131.41 136.10 131.41 115.91 38.37 73.55 64.56 142.97 144.90 106.86 127.16 137.31 109.89 116.70 137.50 160.71 116.30 131.70 123.10 124.00
41 | 1 2 3 4 5 6 8 9 10 11 12 14 20 22 23 25 | 156.36 106.19 161.27 109.54 162.65 95.82 72.00 74.50 80.30 72.50 82.50 62.90 180.80 109.25 166.63 20.91
42 | 1 2 3 4 5 6 7 9 11 14 | 161.26 93.11 164.30 93.11 161.26 107.27 203.45 32.58 56.19 56.19
43 | 1 2 3 4 5 6 7 9 12 14 | 161.26 92.20 166.00 96.33 163.07 111.20 205.10 33.70 56.40 56.19
44 | 1 2 3 4 5 6 7 8 9 | 128.71 128.45 128.71 128.79 134.10 128.79 152.50 128.20 193.44
45 | 1 2 3 4 5 6 7 8 9 10 11 12 13 14 15 16 17 18 19 20 21 22 23 24 25 26 27 29 30 31 32 33 35 36 37 38 39 40 41 43 | 161.75 150.83 78.95 131.10 126.60 130.40 140.41 137.13 134.44 130.98 130.98 134.44 137.13 138.44 125.36 132.57 137.10 12.88 123.10 135.60 54.41 33.86 42.48 65.28 132.45 146.13 22.03 26.85 26.85 12.82 12.82 13.30 88.52 40.94 64.21 49.80 35.40 26.35 26.35 27.71
46 | 1 2 3 4 5 6 8 9 10 13 14 15 16 17 19 24 25 26 27 28 33 34 35 36 37 38 | 164.18 98.94 161.46 104.73 156.50 93.72 156.83 132.67 177.33 100.37 79.53 78.29 71.27 77.70 62.60 106.60 74.40 75.90 70.91 66.40 121.11 130.94 115.18 160.12 115.18 130.94
47 | 1 2 3 4 5 6 8 9 10 13 14 15 16 17 19 24 25 26 27 28 29 33 34 35 36 37 39 | 162.40 99.20 160.82 105.44 155.94 95.40 162.00 135.80 180.10 102.60 73.90 77.30 69.70 76.40 60.80 121.11 130.94 115.18 160.12 115.18 130.94 102.40 78.60 78.34 69.69 78.40 61.08
48 | 1 2 3 4 5 6 8 9 10 13 14 15 16 17 22 23 24 25 26 27 29 30 31 32 33 | 164.18 98.94 161.46 104.73 156.50 93.72 158.86 134.59 178.82 101.54 72.79 75.17 69.84 66.08 124.00 131.54 117.90 161.30 117.90 131.54 103.60 74.70 77.40 71.10 66.90
49 | 1 2 3 4 5 6 8 9 10 13 14 15 16 17 19 24 25 26 27 28 33 34 35 36 37 38 42 43 44 45 46 48 | 162.40 99.20 160.82 105.44 155.94 95.40 158.86 132.67 178.82 100.37 79.53 78.07 71.50 77.70 62.60 106.60 74.40 75.90 70.91 66.40 121.11 130.94 115.18 160.12 115.18 130.94 99.95 73.05 76.35 69.68 76.40 60.81
50 | 1 2 3 4 5 6 8 9 10 13 14 15 16 17 19 24 25 26 27 28 30 35 36 37 38 39 40 44 45 46 47 48 50 | 162.40 99.20 160.82 105.44 155.94 95.40 158.86 132.67 178.82 100.37 78.81 78.07 71.50 77.70 62.60 104.50 76.39 78.37 69.90 78.77 61.10 121.11 130.94 115.18 160.12 115.18 130.94 103.70 78.60 77.28 69.69 76.40 61.08
51 | 1 2 3 4 5 6 8 9 10 13 14 15 16 17 19 24 25 26 27 28 29 | 164.18 98.94 161.46 103.67 156.38 93.67 157.18 133.10 176.90 101.10 73.90 77.30 69.70 76.40 60.80 121.33 121.63 115.50 148.78 145.16 115.60
52 | 1 2 3 4 5 6 8 9 10 13 14 15 16 17 19 21 22 23 24 25 27 34 35 36 37 38 39 | 164.18 98.94 161.46 103.67 156.38 93.67 157.18 133.10 176.90 103.15 74.10 74.90 70.00 75.50 67.33 100.29 70.36 70.69 71.85 68.32 18.20 121.33 121.63 115.50 148.78 145.16 115.60
53 | 1 2 3 4 5 6 8 9 10 13 14 15 16 17 19 21 22 23 24 25 27 34 35 36 37 38 39 41 | 164.18 98.94 161.00 103.67 156.50 93.67 158.40 136.20 176.90 103.15 74.10 74.90 70.00 75.50 67.33 100.29 70.36 70.69 71.85 68.32 17.84 120.60 124.90 115.50 146.10 149.10 115.10 55.70
54 | 1 2 3 4 5 6 9 10 11 14 15 16 17 18 20 25 26 27 28 29 30 | 152.70 103.29 157.90 105.40 144.30 126.70 156.43 133.97 179.20 101.10 73.90 77.30 69.70 76.40 60.80 121.78 121.99 115.50 148.78 145.16 116.14
55 | 1 2 3 4 5 6 8 9 10 12 13 14 15 16 18 23 24 25 26 27 29 34 35 36 37 38 39 | 169.60 103.30 159.20 113.30 156.95 94.95 163.30 144.40 136.80 100.80 80.50 76.90 71.32 77.70 62.24 106.39 76.39 78.37 71.70 78.77 62.69 119.40 135.50 117.30 165.17 117.30 135.50
56 | 1 2 3 4 5 6 8 9 10 12 13 14 15 16 18 20 21 22 23 24 26 33 34 35 36 37 38 | 169.60 103.30 159.20 113.30 156.95 94.95 163.30 144.40 136.80 103.70 74.80 77.27 69.97 76.68 66.40 100.29 70.36 70.69 71.85 68.32 18.20 119.40 135.50 117.30 165.17 117.30 135.50
57 | 1 2 3 4 5 6 8 9 10 12 13 14 15 16 18 20 21 22 23 24 26 33 34 35 36 37 38 | 169.60 103.30 159.20 113.30 156.95 94.95 163.30 144.40 136.80 103.70 74.80 77.27 69.97 76.68 66.40 100.29 70.36 70.69 71.85 68.32 18.20 125.41 117.75 146.37 137.85 146.37 117.75
58 | 1 2 3 4 5 6 7 9 10 11 12 13 14 15 16 | 165.10 102.99 165.59 113.30 132.34 107.90 191.40 117.80 143.80 127.53 130.50 116.00 159.62 116.00 130.50
59 | 1 2 3 4 5 6 7 9 10 11 12 13 14 15 16 20 22 | 163.56 113.92 130.70 137.00 130.70 113.92 189.51 122.59 133.66 118.55 157.93 97.79 164.66 98.40 153.67 56.13 56.57
60 | 1 2 3 4 5 6 7 9 10 11 13 14 15 16 17 18 21 | 159.90 107.00 158.70 105.80 158.30 101.50 8.00 78.80 43.60 198.40 130.40 128.90 116.24 157.67 116.24 128.90 7.90
61 | 1 2 3 4 5 6 8 9 10 11 12 13 14 15 16 19 | 163.75 106.72 129.46 122.44 159.80 99.50 85.00 41.50 27.30 130.00 130.90 115.70 157.67 115.70 130.90 55.54
62 | 1 2 3 4 5 6 8 9 10 11 12 13 14 15 16 18 20 | 162.25 97.79 158.11 103.00 155.15 94.70 80.50 29.10 19.30 130.70 128.30 114.50 158.95 114.50 128.30 56.57 55.99
63 | 1 2 3 4 5 6 8 9 10 11 12 13 14 15 16 18 | 161.19 107.41 129.46 122.44 159.80 97.79 79.01 29.50 27.30 135.60 117.80 115.40 147.30 147.80 106.20 55.70
64 | 1 2 3 4 5 6 8 9 10 11 12 13 14 15 16 18 | 161.19 107.41 129.46 122.44 159.80 97.79 79.01 29.50 27.30 135.60 106.70 147.20 147.80 108.10 119.60 100.96
65 | 1 2 3 4 5 6 8 9 10 11 12 13 14 15 16 19 22 | 163.75 106.72 129.46 122.44 159.80 99.50 76.65 29.50 27.30 122.04 111.20 147.23 152.90 96.88 155.18 101.75 55.54
66 | 1 2 3 4 5 6 8 9 10 11 12 13 14 15 16 18 21 22 23 24 25 27 | 160.00 114.25 129.46 122.44 159.80 99.50 79.01 41.50 27.30 135.60 106.70 147.20 147.80 108.10 119.60 100.96 102.10 74.90 76.85 69.69 76.20 61.08
67 | 1 2 3 4 5 6 7 9 10 11 12 13 14 15 16 17 20 22 | 158.80 97.25 158.11 110.70 153.90 118.92 9.30 73.87 29.50 28.00 141.18 128.61 115.90 157.67 115.90 128.61 55.99 55.70
68 | 1 2 3 4 5 6 7 8 9 10 12 13 14 15 17 18 21 22 25 27 29 31 32 33 34 35 36 37 39 40 | 109.87 133.87 126.10 127.10 111.50 122.37 136.00 118.30 42.50 55.10 62.40 27.00 109.93 118.67 43.40 174.30 96.12 163.20 102.80 63.90 167.96 59.11 26.42 18.35 18.35 45.80 21.70 25.90 28.32 7.78
69 | 1 2 4 5 6 7 9 10 11 12 14 15 16 17 18 19 | 130.90 80.10 156.07 123.60 34.90 66.90 129.46 106.72 163.75 99.50 55.54 130.70 115.90 158.70 115.90 130.70
70 | 1 2 3 4 5 6 8 10 12 13 14 16 17 18 19 20 21 | 106.07 154.90 101.50 159.90 107.00 159.96 7.90 8.00 164.19 103.70 182.59 121.34 128.60 116.00 161.40 116.00 128.60
71 | 1 2 3 4 5 6 8 9 11 12 13 14 15 16 17 18 21 | 163.75 111.93 128.17 119.45 156.07 99.48 55.92 203.89 46.30 30.50 133.50 130.30 116.00 156.30 116.00 130.30 55.54
72 | 1 2 3 4 5 6 7 8 10 11 12 14 15 16 17 20 22 24 | 148.00 137.40 140.40 118.30 141.61 105.50 48.43 64.43 55.80 63.90 77.30 35.50 72.65 52.63 61.24 56.70 61.00 100.20
73 | 1 2 3 4 5 6 7 8 10 11 12 13 14 15 16 18 20 22 24 26 | 146.85 147.39 106.84 129.10 126.60 109.93 42.27 60.60 56.80 53.40 28.20 143.60 114.70 69.10 73.80 169.84 21.01 170.08 20.72 101.30
74 | 1 2 3 4 5 6 7 8 10 11 12 13 14 15 16 18 20 23 | 146.85 147.39 106.84 129.10 126.60 109.93 42.27 60.60 56.80 53.40 28.20 143.60 132.45 68.14 73.80 169.84 21.01 101.30
75 | 1 2 3 4 5 6 7 8 10 11 12 13 14 15 16 18 20 23 | 150.90 147.69 106.84 129.10 126.60 114.73 42.27 60.60 56.80 53.40 28.20 143.60 132.45 68.14 73.80 169.84 21.01 56.10
76 | 1 2 3 4 5 6 7 8 10 11 12 13 14 15 16 19 21 23 | 150.90 147.69 106.84 129.10 126.60 114.73 41.20 60.60 56.80 53.40 28.20 143.60 114.70 69.10 68.10 170.08 20.72 56.10
77 | 1 2 3 4 5 6 7 8 10 11 12 14 15 16 17 19 21 23 | 148.40 147.90 104.50 127.10 137.70 108.10 51.70 67.70 61.80 63.90 81.30 30.40 69.15 124.30 137.40 170.11 21.12 101.55
78 | 1 2 3 4 5 6 7 8 10 12 13 14 15 17 18 19 22 24 | 147.62 148.24 109.87 128.01 137.77 109.93 42.27 78.34 163.90 67.02 132.45 143.60 66.40 56.70 28.05 43.80 56.00 56.17
79 | 1 2 3 4 5 6 7 8 10 12 13 14 15 16 17 20 | 147.13 146.40 108.80 135.56 141.61 105.50 44.00 64.43 78.10 49.91 44.00 32.50 64.00 127.50 132.10 101.35
80 | 1 2 3 4 5 6 7 8 10 12 13 14 15 16 17 20 | 147.13 146.40 108.80 135.56 141.61 105.50 44.00 64.43 81.15 49.91 44.00 32.50 64.00 127.50 132.10 101.35
81 | 1 2 3 4 5 6 7 8 10 12 13 15 16 17 18 20 22 | 147.13 146.40 108.80 135.56 141.61 105.50 51.70 62.34 81.15 59.00 81.30 30.17 71.89 123.66 137.40 55.99 101.35
82 | 1 2 3 4 5 6 7 8 10 12 13 14 16 17 18 19 21 23 | 147.13 146.40 108.80 135.56 141.61 105.50 51.70 64.43 84.40 52.50 57.11 81.30 30.17 71.89 123.66 137.40 55.99 101.35
83 | 1 2 3 4 5 6 7 8 10 12 13 14 15 17 18 19 22 | 145.65 145.90 112.34 128.01 137.77 109.93 43.80 78.88 163.90 26.33 114.90 139.60 66.40 56.70 27.90 43.80 56.10
84 | 1 2 3 4 5 6 8 9 11 12 13 14 15 16 18 19 20 21 23 24 | 149.50 126.21 114.42 158.73 114.42 126.21 68.80 58.01 45.63 45.63 34.53 36.11 38.11 209.21 38.11 36.11 45.80 49.19 45.10 45.10
85 | 1 2 3 4 5 6 7 8 10 12 13 14 15 16 17 19 | 147.15 148.84 106.86 127.16 137.31 109.89 126.04 145.50 161.51 48.02 27.93 129.90 131.90 126.60 127.08 102.64
86 | 1 2 3 4 5 6 7 8 10 11 12 13 14 15 16 18 | 151.34 148.70 104.86 127.52 129.17 101.81 127.52 118.87 144.26 58.50 24.69 131.65 127.86 124.89 124.47 101.57
87 | 1 2 3 4 5 6 7 8 10 12 13 14 15 18 | 147.15 148.84 106.86 127.16 137.31 109.89 126.04 132.43 160.71 137.80 114.39 129.03 127.08 102.64
88 | 1 2 3 4 5 6 7 8 10 12 13 14 15 19 | 146.87 135.69 147.08 112.90 137.31 109.89 126.04 132.43 160.71 137.80 114.39 129.03 127.08 101.35
89 | 1 2 3 4 5 6 7 8 10 12 13 14 15 17 18 19 21 | 147.13 147.23 110.63 137.38 141.61 105.50 48.43 77.84 101.26 71.70 28.97 30.26 64.43 53.70 38.62 41.10 101.35
90 | 1 2 3 4 5 6 7 8 10 11 12 13 14 15 16 19 21 | 146.88 147.40 106.03 126.93 131.58 102.49 48.43 64.43 50.60 52.24 38.62 35.50 72.65 52.63 61.24 56.70 101.55
91 | 1 2 3 4 5 6 7 8 10 11 12 13 14 15 16 18 20 22 24 26 28 | 148.00 137.40 140.40 118.30 141.61 105.50 48.43 64.43 57.10 52.24 38.62 30.26 28.97 72.79 74.49 170.04 20.68 170.10 21.10 61.00 100.20
92 | 1 2 3 4 5 6 7 8 10 11 12 14 15 16 17 20 | 148.40 147.90 104.50 127.10 137.70 108.10 51.70 67.70 61.80 63.90 81.30 32.50 64.00 127.50 137.40 101.55
93 | 1 2 3 4 5 6 7 8 10 11 12 13 14 15 16 18 20 | 147.13 147.40 106.03 126.93 136.30 105.50 44.00 62.90 61.60 53.40 44.00 30.17 71.89 123.66 132.10 55.99 101.55
94 | 1 2 3 4 5 6 8 10 12 13 14 15 16 17 18 19 21 | 129.50 127.80 113.60 148.20 146.40 113.40 56.10 63.00 58.60 45.50 136.10 131.00 116.40 155.35 116.40 131.00 45.60
95 | 1 2 3 4 5 6 7 8 10 12 13 14 15 17 18 19 21 23 24 26 28 | 146.85 147.23 109.87 128.01 137.77 109.93 40.80 78.34 163.90 77.70 33.20 32.80 60.03 55.68 25.80 42.64 171.95 49.98 200.32 30.00 101.18
96 | 1 2 3 4 5 6 7 8 10 12 13 14 15 17 18 19 21 23 24 25 28 | 146.85 147.23 109.87 128.01 137.77 109.93 40.80 78.34 163.90 77.70 33.20 32.80 60.03 55.68 31.18 42.64 171.34 43.90 64.00 22.60 101.18
97 | 1 2 3 4 5 6 7 10 11 12 13 14 15 17 18 19 21 23 24 25 26 28 29 30 32 | 147.23 146.85 109.93 137.77 128.01 109.87 168.44 41.23 33.20 66.78 128.65 143.90 63.50 56.70 28.05 43.80 165.99 120.57 137.20 122.40 157.66 163.17 26.04 24.39 101.18
98 | 1 2 3 4 5 6 7 10 11 12 13 14 15 17 18 19 22 | 147.23 146.85 109.93 137.77 128.01 109.87 168.44 41.23 33.20 63.83 128.65 143.90 63.50 56.70 28.05 43.80 101.18
99 | 1 2 3 4 5 6 7 8 10 11 12 13 14 15 16 18 20 22 23 26 | 146.85 147.39 106.84 129.10 126.60 109.93 42.27 60.60 56.80 53.40 28.20 143.60 114.70 69.10 73.80 169.84 21.01 106.85 20.97 101.30
100 | 1 2 3 4 5 6 7 10 11 12 13 14 15 17 19 20 21 22 24 25 26 27 30 31 32 33 34 35 36 37 38 39 43 45 46 47 48 49 51 52 53 55 57 | 147.23 146.85 109.93 137.77 128.01 109.87 163.90 70.50 40.80 60.03 32.80 34.70 77.70 165.99 124.60 141.00 124.60 162.10 162.10 24.80 24.80 165.99 77.70 73.80 40.80 137.77 109.93 146.85 147.23 109.87 128.01 163.90 101.18 60.03 32.80 33.20 31.18 55.68 42.64 31.18 55.68 42.64 101.18
101 | 1 2 3 4 5 6 7 8 9 10 11 12 13 17 18 19 21 23 | 33.20 66.78 128.65 143.90 63.50 40.75 137.77 126.35 127.05 129.41 127.50 128.01 168.44 56.70 28.05 43.80 169.90 20.90
102 | 1 2 3 4 5 6 7 8 10 12 13 14 15 17 18 19 21 | 146.85 147.23 109.87 128.01 137.77 109.93 40.70 78.53 163.90 131.50 129.43 43.47 63.33 55.68 31.00 42.64 101.18
103 | 1 2 3 4 5 6 7 8 10 12 13 14 15 17 18 19 22 | 146.85 147.23 109.87 128.01 137.77 109.93 40.80 78.34 163.90 68.58 33.20 32.80 60.03 55.68 25.80 42.64 101.18
104 | 1 2 3 4 5 6 7 8 10 11 12 13 14 15 16 20 22 | 148.00 137.40 140.40 118.30 141.61 105.50 48.43 64.43 57.10 52.24 38.62 35.50 69.60 58.00 61.24 61.00 100.20
105 | 1 2 3 4 5 6 7 8 10 11 12 14 15 16 17 21 | 147.13 147.40 106.03 126.93 141.61 105.50 48.43 64.43 61.80 63.90 77.30 37.65 67.23 38.90 76.48 101.55
106 | 1 2 3 4 5 6 7 8 10 11 12 13 14 15 16 19 | 147.13 147.40 106.03 126.93 136.30 105.50 44.00 62.90 61.60 53.40 44.00 32.50 64.00 127.50 132.10 101.55
107 | 1 2 3 4 5 6 7 8 10 11 12 13 14 15 16 20 22 | 148.00 137.40 140.40 118.30 141.61 105.50 48.43 64.43 57.10 52.24 38.62 30.26 28.97 70.25 75.99 61.00 100.20
108 | 1 3 4 5 6 7 8 9 10 11 13 14 15 16 17 20 21 | 54.88 50.32 36.80 48.70 132.00 134.82 124.60 111.30 144.00 146.90 86.20 38.27 64.20 127.50 131.60 55.90 40.70
109 | 1 2 3 4 5 6 7 8 10 11 12 13 14 15 16 19 21 23 | 147.50 147.50 110.80 129.10 126.60 108.10 41.20 60.60 56.80 53.40 28.20 143.60 114.70 80.80 68.10 55.60 55.47 56.17
110 | 1 2 3 4 5 6 7 8 10 12 13 15 16 17 18 20 22 | 147.13 146.40 108.80 135.56 141.61 105.50 51.70 62.34 81.15 59.00 81.30 30.40 71.89 124.30 137.40 55.99 101.35
111 | 1 2 3 4 5 6 7 8 10 11 12 14 15 16 17 19 21 24 | 148.11 135.91 145.22 118.30 141.61 105.50 48.43 64.43 55.80 63.90 77.30 35.50 77.45 29.25 35.15 56.18 61.00 56.37
112 | 1 2 3 4 5 6 7 8 9 12 13 14 15 16 17 | 124.07 122.81 127.72 130.12 116.20 119.33 131.17 121.40 157.03 111.09 123.45 109.70 145.40 145.40 108.60
113 | 1 2 3 4 5 6 7 8 10 12 13 14 15 16 17 19 | 148.36 152.60 106.55 121.40 131.17 102.55 116.20 130.12 157.03 111.09 123.45 127.72 122.81 124.07 119.33 102.64
114 | 1 2 3 4 5 6 7 8 10 11 12 13 14 15 16 19 21 | 146.85 147.39 106.84 129.10 126.60 109.93 41.20 60.60 56.80 53.40 28.20 143.60 114.70 80.80 68.10 55.60 101.30
115 | 1 2 3 4 5 6 8 9 11 12 13 14 15 16 17 19 21 23 | 135.77 151.84 106.84 131.09 135.54 147.08 39.60 62.34 61.63 52.30 38.62 35.93 77.45 26.77 35.15 56.18 56.30 60.52
116 | 1 2 3 4 5 6 7 8 10 12 13 14 15 17 18 19 21 23 | 147.62 148.24 109.87 128.01 137.77 109.93 43.80 75.77 163.90 26.33 114.90 139.60 66.40 56.70 27.90 43.80 56.00 56.17
117 | 1 2 3 4 5 6 7 8 10 12 13 14 15 16 17 20 | 146.87 135.69 147.08 112.90 137.31 109.89 116.20 130.12 158.37 111.09 123.45 127.72 122.81 124.07 119.33 101.35
118 | 1 3 4 5 6 7 8 9 10 11 12 14 15 16 17 19 21 | 53.19 58.90 131.09 125.92 45.40 141.80 131.00 116.40 157.30 116.40 131.00 147.08 148.43 110.96 124.60 56.10 45.60
119 | 1 2 3 4 5 6 7 9 10 11 12 13 14 15 16 19 21 | 147.60 148.50 111.80 131.58 120.35 111.60 48.80 48.57 34.49 133.41 130.85 116.49 156.06 116.49 130.85 55.50 55.60
120 | 1 2 3 4 5 6 7 9 10 11 12 13 14 15 16 18 20 21 23 25 27 30 32 | 147.60 148.50 111.80 131.58 120.35 111.60 48.80 48.57 34.49 133.41 127.18 117.40 157.92 117.40 127.18 102.40 77.10 69.68 76.35 74.22 60.81 55.50 55.60
121 | 1 3 4 5 6 7 8 9 10 11 13 14 15 16 17 19 21 22 23 26 | 54.88 50.32 36.80 48.70 132.00 134.82 124.60 115.40 144.25 147.18 86.20 27.50 63.40 122.50 131.60 171.90 43.90 64.00 22.60 40.70
122 | 1 2 3 4 5 6 7 8 10 11 12 13 14 15 16 18 20 22 25 | 146.85 147.39 106.84 129.10 126.60 109.93 42.27 63.50 50.60 55.99 131.58 139.27 63.35 74.48 73.80 169.84 21.01 58.14 101.30
123 | 1 3 4 5 6 7 8 9 10 11 13 14 15 16 17 20 21 | 54.88 50.32 35.50 40.77 127.43 134.82 124.60 111.30 144.00 146.20 90.93 37.80 66.00 30.97 35.15 55.90 40.70
124 | 1 2 3 4 5 6 7 8 10 11 12 13 14 15 16 18 20 21 23 25 27 31 | 146.85 147.39 106.84 129.10 126.60 109.93 42.27 60.60 56.80 53.40 28.20 143.60 132.45 68.14 73.80 98.20 77.71 69.90 77.48 74.17 61.10 101.30
125 | 1 2 3 4 5 6 7 8 10 11 12 13 14 15 16 18 20 21 23 25 27 29 31 32 33 34 35 36 37 38 39 40 41 42 43 44 45 48 | 146.85 147.39 106.84 129.10 126.60 109.93 42.27 60.60 56.80 53.40 28.20 143.60 128.65 68.04 70.50 104.55 74.59 70.29 76.15 75.10 64.20 170.90 34.35 25.11 29.53 29.78 29.70 29.62 29.42 29.50 29.42 29.07 29.04 28.72 32.04 22.15 13.97 101.30
126 | 1 2 3 4 5 6 7 8 10 11 12 13 14 15 16 19 21 | 148.70 146.93 106.84 126.93 136.30 105.50 44.00 62.90 61.60 53.40 44.00 32.50 64.00 127.50 132.10 55.47 55.84
127 | 1 2 3 4 5 6 8 9 10 11 12 13 14 15 16 18 20 | 64.00 127.50 132.10 44.00 62.34 32.50 53.70 44.00 42.64 140.12 126.21 111.14 147.12 148.51 107.85 55.91 55.60
128 | 1 2 3 4 5 6 7 8 10 12 13 14 15 17 18 19 21 23 24 26 27 28 29 32 33 34 35 36 37 39 40 41 42 43 44 45 49 52 53 54 55 56 58 | 146.85 147.23 109.87 128.01 137.77 109.93 40.80 74.07 163.90 77.70 34.70 32.80 60.03 55.68 31.18 42.64 165.99 124.60 162.10 162.10 124.60 141.00 165.99 71.39 33.20 32.80 60.03 40.80 74.83 137.77 109.93 146.85 147.23 109.87 128.01 168.44 101.18 55.68 31.18 42.64 24.80 24.80 101.18
129 | 1 3 4 5 6 7 8 9 10 11 13 14 15 16 17 20 21 22 23 | 54.88 50.32 36.80 48.70 132.00 134.82 124.60 111.30 144.00 146.90 86.20 33.70 64.20 127.50 131.60 55.90 56.90 135.60 117.75
130 | 1 2 3 4 5 6 7 8 10 11 12 14 15 16 17 19 20 21 22 24 26 | 146.88 147.48 107.19 126.69 131.58 102.49 48.43 64.43 61.80 59.96 90.85 65.89 70.49 26.10 10.00 37.65 77.45 26.77 35.15 56.18 101.55
131 | 1 2 3 4 5 6 7 8 10 11 12 13 14 15 16 19 22 24 | 147.50 147.50 110.80 129.10 126.60 108.10 42.27 63.50 50.60 55.99 131.58 139.27 63.35 74.48 70.80 58.14 55.47 56.17
132 | 1 3 4 5 6 7 8 9 10 11 13 14 15 16 17 20 | 53.80 47.00 40.80 48.60 132.00 133.30 120.10 111.30 144.00 146.90 86.20 33.70 64.20 127.50 131.60 55.90
133 | 1 3 4 5 6 7 8 9 10 11 13 14 15 16 17 19 21 23 24 26 | 54.88 50.32 36.80 48.70 132.00 134.82 124.60 111.30 144.00 146.90 86.20 27.50 66.00 122.50 131.60 170.70 21.60 55.90 169.96 23.52
134 | 1 2 3 4 5 6 7 8 10 11 12 13 14 15 16 18 20 22 | 147.13 147.40 106.03 126.93 136.30 105.50 44.00 62.90 61.60 53.40 44.00 30.17 69.15 123.66 132.10 170.11 21.12 101.55
135 | 1 3 4 5 6 7 8 9 10 11 13 14 15 16 17 20 | 54.88 50.32 35.50 40.77 127.43 134.82 124.60 115.40 144.25 147.18 90.93 37.80 66.00 30.97 35.15 40.70
136 | 1 3 4 5 6 7 8 9 10 11 13 14 15 16 17 19 21 22 23 26 27 | 54.88 50.32 36.80 48.70 132.00 134.82 124.60 111.30 144.00 146.90 86.20 27.50 63.40 122.50 131.60 171.90 43.90 64.00 22.60 55.90 40.70
137 | 1 2 3 4 5 6 7 8 10 12 13 14 15 16 18 19 20 22 24 | 147.60 147.60 110.63 137.38 126.50 109.40 43.80 67.30 101.31 54.05 31.70 114.90 139.60 66.40 56.70 27.90 43.80 56.03 56.17
138 | 1 2 3 4 5 6 7 8 10 11 12 13 14 15 16 18 20 22 | 148.70 146.93 106.84 126.93 136.30 105.50 44.00 62.90 61.60 53.40 44.00 30.17 71.89 123.66 132.10 55.99 55.47 55.84
139 | 1 2 3 4 5 6 7 8 10 11 13 14 15 16 17 18 20 22 | 148.70 148.24 108.32 127.80 141.61 105.50 48.43 90.85 65.13 59.00 61.05 126.00 133.59 121.36 144.03 42.64 56.00 55.84
140 | 1 2 3 4 5 6 7 8 10 11 13 14 15 16 17 18 21 23 | 149.00 145.90 115.70 127.80 141.61 105.50 51.70 90.85 65.13 59.00 64.43 30.26 20.20 128.00 144.03 42.64 168.67 20.48
141 | 1 2 3 4 5 6 7 8 10 11 13 14 15 16 17 18 | 148.15 145.40 115.70 127.80 141.61 106.15 51.70 90.85 65.13 59.00 64.43 30.26 20.20 128.00 144.03 42.64
142 | 1 2 3 4 5 6 7 8 10 12 13 14 15 16 17 19 21 23 | 148.70 148.24 108.80 135.56 141.61 105.50 44.00 62.34 78.10 49.91 44.00 30.40 71.89 124.30 132.10 55.99 56.00 55.84
143 | 1 2 3 4 5 6 7 8 10 12 13 14 15 17 18 19 21 23 24 26 | 146.85 147.23 109.87 128.01 137.77 109.93 40.80 73.80 163.90 77.70 33.20 32.80 60.03 55.68 25.80 42.64 173.80 27.60 9.20 101.18
144 | 1 2 3 4 5 6 7 8 10 11 12 13 14 15 16 19 21 | 148.00 137.40 140.40 118.30 141.61 105.50 44.00 62.90 55.80 53.40 44.00 32.50 64.00 127.50 132.10 61.00 100.20
145 | 1 2 3 4 5 6 7 8 9 12 13 14 15 16 17 19 | 124.07 122.81 127.72 130.12 116.20 119.33 131.17 121.40 157.03 111.09 123.45 109.70 151.60 148.00 109.89 56.60
146 | 1 2 3 4 5 6 7 8 9 12 13 14 15 16 17 20 | 124.07 122.81 127.72 130.12 116.20 119.33 131.17 121.40 157.03 111.09 123.45 106.86 152.00 145.90 108.60 56.40
147 | 1 2 3 4 5 6 7 8 9 12 13 14 15 16 17 19 21 | 124.07 122.81 127.72 130.12 116.20 119.33 131.17 121.40 157.03 111.09 123.45 106.86 148.24 150.18 109.89 56.05 56.00
148 | 1 2 3 4 5 6 7 8 10 11 12 13 14 15 16 20 | 150.90 147.69 106.84 129.10 126.60 114.73 41.20 60.60 56.80 53.40 28.20 143.60 132.45 68.14 70.80 56.10
149 | 1 2 3 4 5 6 8 10 11 13 15 17 19 20 21 23 24 25 26 27 28 31 | 67.02 132.45 143.60 60.60 42.27 78.34 104.55 77.71 70.60 77.48 74.17 61.10 126.60 129.10 56.80 53.40 28.20 106.84 147.69 150.90 114.73 56.10
150 | 1 3 4 5 6 7 8 9 10 11 13 14 15 16 17 20 | 54.88 50.32 36.80 48.70 132.00 134.82 124.60 115.40 144.25 147.18 86.20 33.70 64.20 127.50 131.60 40.70
151 | 1 2 3 4 5 6 7 8 10 11 12 13 14 15 16 18 20 24 | 145.65 148.20 113.60 128.45 126.60 109.93 42.27 60.60 56.80 53.40 28.20 143.60 132.45 68.14 73.80 169.84 21.01 56.10
152 | 1 2 3 4 5 6 7 8 10 11 13 14 15 16 17 19 20 23 | 146.30 146.30 103.70 127.80 125.40 109.10 50.10 101.70 65.00 61.70 69.90 26.60 72.40 128.40 130.50 55.99 41.90 101.60
153 | 1 2 3 4 5 6 7 8 10 11 12 13 14 15 16 20 | 146.85 147.39 106.84 128.45 137.77 109.93 40.80 52.60 57.58 56.65 31.18 32.80 33.20 69.60 70.80 101.30
154 | 1 2 3 4 5 6 7 8 10 11 12 13 14 15 16 19 21 23 | 148.00 137.40 140.40 118.30 141.61 105.50 48.43 64.43 57.10 52.24 38.62 35.50 72.65 52.63 61.24 56.70 61.00 100.20
155 | 1 2 3 4 5 6 7 8 10 11 12 13 14 15 16 19 22 | 146.85 147.39 106.84 129.10 126.60 109.93 42.27 63.50 50.60 55.99 131.58 139.27 70.92 74.48 74.83 58.14 101.30
156 | 1 2 3 4 5 6 7 8 10 11 13 14 15 16 17 19 20 22 24 | 147.13 146.30 103.70 127.80 141.61 105.50 48.43 107.25 65.00 61.30 64.43 35.93 77.45 26.77 35.15 56.18 41.90 50.63 101.60
157 | 1 2 3 4 5 6 7 8 9 10 12 14 15 16 17 18 20 23 | 147.13 150.00 109.55 125.78 141.61 105.50 48.43 82.54 51.03 195.93 53.77 66.55 35.93 71.89 124.30 144.03 56.50 101.18
158 | 1 2 3 4 5 6 7 8 10 11 12 13 14 15 16 19 | 147.13 147.40 106.03 126.93 136.30 105.50 44.00 62.90 61.60 53.40 44.00 32.50 64.00 127.50 132.10 101.55
159 | 1 2 3 4 5 6 8 9 10 11 13 14 15 16 17 18 20 22 | 68.14 128.65 143.60 60.60 42.27 74.07 59.37 126.60 129.10 56.80 53.40 28.20 110.80 147.50 147.50 108.10 56.17 55.47
160 | 1 2 5 6 7 8 9 10 12 13 14 16 17 18 20 21 22 23 25 26 27 28 | 40.51 175.39 52.09 35.89 26.70 22.80 40.54 61.20 49.48 30.01 68.15 158.60 118.13 199.79 104.50 153.10 127.30 113.80 55.77 51.10 70.57 21.00
161 | 1 2 3 4 5 6 7 8 10 11 12 13 14 15 16 20 | 146.88 147.40 106.03 126.93 131.58 102.49 48.43 62.34 50.60 52.24 38.62 35.50 69.60 58.00 61.24 101.55
162 | 1 2 3 4 5 6 8 10 11 12 13 14 15 16 17 18 19 20 23 | 148.43 110.30 125.43 135.43 130.16 147.08 75.82 63.84 28.50 48.45 48.45 31.14 127.28 131.10 116.70 158.30 116.70 131.10 56.10
163 | 1 2 3 4 5 6 7 8 9 10 11 12 14 15 16 17 20 | 147.15 147.60 109.20 133.10 137.31 109.89 116.20 119.33 124.07 122.81 127.72 130.12 129.27 105.35 32.89 62.95 101.25
164 | 1 2 3 4 5 6 7 8 10 12 13 14 15 16 17 18 19 21 24 25 26 27 28 30 31 33 | 147.13 148.84 106.86 127.16 141.61 105.50 44.40 66.00 160.80 44.40 34.00 130.70 130.90 115.83 156.06 115.83 130.90 172.30 61.60 30.40 71.20 124.30 136.50 55.99 27.70 101.18
165 | 1 2 3 4 5 6 8 9 10 11 13 14 15 16 17 18 20 | 128.70 120.20 121.60 121.20 140.40 111.70 131.20 130.30 113.70 138.80 134.90 45.90 154.40 110.80 109.50 154.50 13.60
166 | 1 2 3 4 5 6 7 8 10 11 12 13 14 15 16 20 | 145.10 144.20 113.00 125.40 136.30 104.90 44.00 62.90 61.60 53.40 44.00 32.50 64.00 127.50 132.10 56.10
167 | 1 2 3 4 5 6 7 8 10 11 12 13 14 16 17 19 | 31.46 66.00 37.80 90.93 40.77 35.15 127.43 146.20 144.00 111.30 120.10 133.30 53.80 47.00 37.70 55.90
168 | 1 2 3 4 5 6 8 10 11 14 15 16 17 18 19 20 21 22 24 25 26 27 28 30 32 33 | 131.09 141.61 105.50 147.13 147.39 106.84 101.55 40.51 173.71 52.89 49.19 34.05 131.26 130.43 115.83 156.06 115.83 130.43 64.52 30.17 71.89 123.66 144.03 55.99 37.21 161.62
169 | 1 2 3 5 6 7 8 9 10 11 13 15 16 17 18 19 | 51.70 81.30 63.90 61.80 127.10 104.50 147.90 148.40 108.10 137.70 101.55 67.70 32.50 64.00 127.50 137.40
170 | 1 2 3 4 5 6 7 8 10 12 13 14 15 17 18 19 22 26 | 147.69 145.90 112.34 128.01 146.37 111.37 75.24 85.70 163.90 80.30 61.80 70.90 61.05 49.91 35.47 42.64 60.20 56.10
171 | 1 2 3 4 5 6 7 8 10 12 13 14 15 17 18 19 22 25 27 | 148.24 148.24 109.87 128.01 146.37 111.37 75.24 85.70 163.90 80.30 61.80 70.90 61.05 49.91 35.47 42.64 60.20 56.00 56.00
172 | 1 2 3 4 5 6 7 9 10 11 12 13 14 16 17 19 21 | 146.30 147.13 105.50 141.61 127.80 103.70 65.13 89.66 48.43 144.03 127.50 64.94 38.58 38.62 49.91 35.95 101.60
173 | 1 2 3 4 5 6 7 9 10 11 12 13 14 16 17 19 21 | 146.30 147.13 105.50 141.61 127.80 103.70 65.13 89.66 48.43 144.03 127.50 65.28 38.58 38.62 49.91 35.95 101.60
174 | 1 2 3 4 5 6 7 9 10 11 12 13 14 15 17 19 20 22 24 25 28 | 146.30 146.30 109.10 125.40 127.80 103.70 65.00 101.70 50.10 69.90 30.40 69.15 124.30 130.50 171.90 43.90 64.00 22.60 61.70 41.90 101.60
175 | 1 2 3 4 5 6 7 10 11 12 13 14 15 16 19 20 22 | 147.23 147.13 105.50 141.61 128.01 109.87 163.90 90.85 51.70 62.34 32.50 64.00 127.50 137.40 57.11 42.64 101.18
176 | 1 2 3 4 5 6 7 8 10 12 13 14 15 17 18 19 21 24 | 145.65 145.90 112.34 128.01 137.77 109.93 42.27 78.34 163.90 66.83 114.70 143.60 66.40 56.70 28.05 43.80 52.10 56.10
177 | 1 2 3 4 5 6 7 8 10 12 13 14 15 17 18 19 22 25 | 145.65 145.90 112.34 128.01 137.77 109.93 40.80 74.07 163.90 80.30 61.19 70.90 61.05 49.91 35.47 42.64 60.20 56.10
178 | 1 2 3 4 5 6 7 8 10 12 13 14 15 17 18 19 22 24 26 | 147.62 148.24 109.87 128.01 137.77 109.93 40.80 74.07 163.90 80.30 61.19 70.90 61.05 49.91 35.47 42.64 60.20 56.00 56.17
179 | 1 2 3 4 5 6 7 9 10 11 12 13 14 15 16 18 20 | 146.30 147.13 105.50 141.61 127.80 103.70 65.13 89.66 48.43 144.03 121.36 133.59 143.76 38.62 49.91 35.95 101.60
180 | 1 2 3 4 5 6 7 8 10 11 13 14 15 16 17 19 22 | 146.30 146.30 103.70 127.80 125.40 109.10 50.10 101.70 65.00 61.70 69.90 32.50 64.00 127.50 130.50 41.90 101.60
181 | 1 2 3 4 5 6 7 8 10 11 14 15 16 17 18 20 21 23 | 147.13 147.23 110.50 130.30 141.61 105.50 48.43 62.60 159.60 172.30 62.34 30.40 71.89 124.30 144.03 56.50 31.52 101.18
182 | 1 2 3 4 5 6 8 10 11 12 13 15 16 17 18 19 20 22 24 26 | 26.33 114.90 139.60 60.60 43.80 75.77 170.46 21.19 126.60 129.10 56.80 53.40 28.05 110.80 148.24 145.60 109.93 168.85 20.57 56.00
183 | 1 2 3 4 5 6 8 10 11 12 14 15 16 17 18 19 20 22 25 27 | 74.07 40.80 60.03 32.80 34.70 77.70 170.10 21.10 25.80 56.65 57.58 128.45 137.77 109.93 146.85 147.39 106.84 101.30 169.90 20.70
184 | 1 2 3 4 5 6 7 8 10 11 12 13 14 15 16 19 | 150.90 147.69 106.84 129.10 126.60 114.73 42.27 60.60 56.80 53.40 28.05 139.60 114.90 34.70 68.91 56.10
185 | 2 3 4 5 6 7 8 9 10 11 13 14 15 16 17 20 22 | 87.20 55.90 127.43 138.51 33.77 50.32 125.43 111.24 144.00 146.20 86.03 38.27 64.20 127.50 144.03 55.90 37.15
186 | 1 2 3 4 5 6 8 9 10 11 12 13 15 16 17 18 19 20 22 24 25 26 27 29 31 32 33 35 | 126.50 120.80 127.20 124.50 137.80 109.40 131.50 116.90 120.30 133.80 115.80 127.41 133.73 123.33 121.76 121.80 111.65 151.68 94.20 82.00 28.70 55.90 81.40 62.20 31.30 28.80 46.90 175.10
187 | 1 2 3 4 5 6 7 8 10 11 12 14 16 17 18 19 20 22 24 26 | 148.00 137.40 140.40 118.30 141.61 105.50 51.70 67.70 55.80 59.96 90.85 170.18 21.08 30.17 71.89 123.66 137.40 55.99 61.00 100.20
188 | 1 2 3 4 5 6 7 8 9 11 13 15 16 17 18 19 21 23 25 | 59.96 90.85 51.70 137.70 127.10 104.50 147.90 148.40 108.10 101.55 61.80 67.70 30.40 71.89 124.30 137.40 55.99 170.18 21.08
189 | 1 2 3 4 5 6 7 8 10 11 12 13 14 15 16 19 21 23 25 | 148.00 137.40 140.40 118.30 141.61 105.50 48.43 64.43 57.10 52.24 38.62 30.26 28.97 72.65 75.99 171.07 21.21 61.00 100.20
190 | 1 2 3 4 5 6 11 13 14 15 16 17 18 21 24 26 27 28 | 74.07 40.80 67.00 71.67 72.73 73.34 160.71 112.90 137.77 109.93 146.87 135.69 147.08 101.35 171.34 43.90 64.00 22.60
191 | 1 2 3 4 5 6 11 13 14 15 16 17 18 21 24 26 27 29 30 31 32 33 35 40 | 74.07 40.80 67.00 71.67 72.73 73.34 160.71 112.90 137.77 109.93 146.87 135.69 147.08 101.35 171.34 40.15 67.20 103.35 75.10 76.32 72.44 77.71 61.10 20.97
192 | 1 2 3 4 5 6 7 8 10 11 12 13 14 15 16 18 20 23 | 145.65 148.20 113.60 128.45 126.60 109.93 43.80 60.60 56.80 53.40 28.05 139.60 114.90 26.33 78.88 170.46 21.19 56.10
193 | 1 2 3 4 5 6 7 8 10 12 14 15 16 17 18 20 21 23 | 147.13 147.23 109.87 128.01 141.61 105.50 51.70 90.85 163.90 57.11 64.43 30.40 71.89 124.30 137.40 55.99 42.64 101.18
194 | 1 2 3 4 5 6 7 8 10 11 13 14 15 16 17 19 22 | 146.30 146.30 103.70 127.80 125.40 109.10 50.10 101.70 65.00 61.70 69.90 32.50 64.00 127.50 130.50 41.90 101.60
195 | 1 2 3 4 5 6 7 8 10 11 12 13 14 15 16 20 | 146.88 147.40 106.03 126.93 131.58 102.49 48.43 64.43 50.60 52.24 38.62 30.26 28.97 69.60 75.99 101.55
196 | 1 2 3 4 5 6 7 8 10 12 13 14 15 16 17 20 22 | 148.00 136.01 145.22 116.20 141.61 105.50 44.00 64.43 78.10 49.91 44.00 32.50 64.00 127.50 132.10 61.00 100.96
197 | 1 2 3 4 5 6 7 8 10 12 13 14 15 16 17 20 22 24 | 148.00 136.01 145.22 116.20 141.61 105.50 48.43 64.43 78.10 49.91 38.62 35.50 72.65 52.63 61.24 56.70 61.00 100.96
198 | 1 2 3 4 5 6 7 8 10 12 13 14 16 17 18 19 20 22 23 25 | 147.13 147.23 110.63 137.38 141.61 105.50 51.70 90.85 101.31 61.01 15.17 59.00 62.34 30.17 71.20 123.66 137.40 55.99 42.64 101.35
199 | 1 2 3 4 5 6 7 8 10 11 12 13 14 15 16 20 | 145.65 148.20 113.60 128.45 126.60 109.93 42.27 60.60 56.80 53.40 28.05 139.60 114.90 34.70 68.91 56.10
200 | 1 2 3 4 5 6 7 8 10 12 13 14 15 17 18 19 21 | 150.90 147.69 109.87 128.01 137.77 114.73 43.80 78.88 163.90 26.33 114.90 139.60 66.40 56.70 27.90 43.80 56.10
201 | 1 2 4 5 6 7 8 9 11 12 13 14 15 16 17 19 | 90.85 59.96 64.43 51.70 144.03 131.50 72.78 36.08 137.70 127.10 61.80 104.50 147.90 148.40 108.10 101.55
202 | 1 3 4 5 6 7 8 9 10 11 12 13 14 16 17 18 21 24 | 67.70 55.80 118.30 140.40 137.40 148.00 105.50 141.61 51.70 137.40 124.30 71.89 30.40 56.50 81.30 63.90 100.20 61.00
203 | 1 2 3 4 5 6 7 8 10 11 13 15 16 18 19 20 21 22 24 26 | 147.13 147.40 106.03 126.93 141.61 105.50 40.51 65.58 52.89 81.12 105.19 71.89 203.91 23.50 30.17 71.89 124.30 144.03 55.99 101.55
204 | 1 3 4 5 6 7 8 9 10 11 12 13 14 16 17 18 20 23 | 62.90 55.80 118.30 140.40 137.40 148.00 105.50 141.61 44.00 132.10 123.66 71.20 30.17 55.99 44.00 53.40 100.20 61.00
205 | 1 2 3 5 6 7 8 10 11 12 13 17 18 19 20 21 23 26 28 30 32 33 34 35 37 | 137.15 134.82 54.88 49.70 29.18 57.22 212.60 44.97 76.40 73.10 171.28 100.90 78.82 80.30 76.67 76.29 61.49 60.39 94.55 94.55 106.84 147.39 146.51 111.41 101.30
206 | 1 2 3 5 6 7 8 10 11 12 13 17 18 19 20 21 23 26 28 30 31 32 33 34 36 | 137.15 134.82 54.88 49.70 29.18 57.22 212.60 44.97 76.40 73.10 171.28 101.32 79.62 73.85 76.67 76.00 61.49 60.39 59.53 60.70 106.84 147.39 146.51 111.41 101.30
207 | 1 2 3 4 5 6 8 10 12 13 14 15 16 17 18 20 22 23 | 125.40 127.80 103.70 146.30 146.30 109.10 101.60 65.00 101.70 50.10 69.90 26.60 72.40 128.40 130.50 55.99 61.70 41.90
208 | 1 4 5 6 7 8 9 10 11 12 13 14 15 16 18 20 21 23 25 | 75.90 52.89 126.93 106.84 146.93 148.70 105.50 141.61 39.60 62.34 35.93 67.86 26.77 35.15 171.08 22.34 39.63 55.84 55.47
209 | 1 2 4 5 6 7 8 9 10 11 12 13 14 15 16 18 20 22 | 39.63 75.90 52.89 126.93 106.03 147.40 147.13 105.50 141.61 39.60 62.34 35.93 67.86 26.77 35.15 171.08 22.34 101.55
210 | 1 2 4 5 6 7 8 9 10 11 12 13 14 15 16 18 20 | 44.00 53.40 61.60 126.93 106.03 147.40 147.13 105.50 136.30 44.00 62.90 30.17 71.89 123.66 132.10 55.99 101.55
211 | 1 2 4 5 6 7 8 9 10 11 12 13 14 15 16 19 | 44.00 53.40 61.60 126.93 106.03 147.40 147.13 105.50 136.30 44.00 62.90 32.50 64.00 127.50 132.10 101.55
212 | 1 2 3 4 5 6 7 9 11 12 13 14 15 17 18 19 22 25 27 | 111.37 148.24 148.24 109.87 127.80 148.80 84.92 170.50 76.40 75.38 61.09 70.90 61.05 49.91 35.47 42.64 59.10 56.00 56.00
213 | 1 2 3 4 5 6 8 9 10 11 12 13 14 16 18 | 128.90 117.90 129.80 127.20 146.50 110.70 30.70 130.90 133.80 109.70 147.60 147.40 110.20 101.25 63.50
214 | 1 2 3 4 5 6 7 8 10 11 12 13 14 15 16 20 | 145.10 144.20 113.00 125.40 136.30 104.90 44.00 62.90 61.60 53.40 44.00 32.50 64.00 127.50 132.10 56.10
215 | 1 2 3 6 7 8 9 10 11 12 13 15 16 17 18 19 21 | 137.77 128.01 163.90 78.88 43.80 66.40 139.60 114.90 26.33 27.90 56.70 43.80 109.87 147.23 146.85 109.93 101.18
216 | 1 2 3 4 5 6 7 8 10 11 12 13 14 15 16 19 21 | 147.60 147.23 115.83 121.25 141.37 108.30 40.70 -1.00 165.28 53.34 28.30 139.27 132.45 67.40 34.70 55.25 101.18
217 | 1 2 3 4 5 6 9 10 11 12 14 15 16 17 18 20 | 70.00 147.50 114.70 35.50 72.30 75.50 45.89 138.94 123.14 52.89 56.90 142.80 145.40 107.30 120.10 101.10
218 | 1 2 4 5 6 7 8 9 11 12 14 15 16 18 19 20 21 | 48.70 86.20 146.90 132.00 134.82 124.60 111.30 144.00 55.90 54.88 50.32 36.80 161.62 34.90 64.20 127.50 131.60
219 | 1 2 3 4 5 6 8 10 12 13 14 15 16 17 19 20 | 130.80 132.40 108.70 147.60 147.00 110.00 101.25 62.40 137.20 140.30 115.97 131.21 121.99 127.08 33.10 162.50
220 | 1 2 3 6 7 8 9 10 11 12 13 14 15 16 18 | 137.31 127.16 161.51 141.75 126.04 127.08 121.99 131.21 115.97 29.10 106.86 148.84 147.15 109.89 102.64
221 | 1 2 4 5 6 7 8 9 11 13 14 15 16 17 18 20 22 23 25 | 48.60 86.20 147.18 132.00 133.30 124.60 115.40 144.25 53.80 47.00 40.80 27.50 63.40 122.50 131.60 171.90 43.90 64.00 22.60
222 | 1 2 3 4 5 6 8 10 11 12 13 14 15 17 19 20 | 138.51 127.43 146.20 144.00 111.24 125.43 55.90 86.03 55.90 35.15 28.45 66.00 37.80 55.02 47.48 38.55
223 | 1 2 3 4 5 6 9 10 11 12 13 14 16 18 19 | 138.51 127.43 147.18 144.25 118.50 125.43 90.93 55.90 144.03 127.50 64.20 33.70 55.02 47.48 38.55
224 | 1 2 3 4 5 6 8 9 10 11 12 14 15 16 17 18 20 22 24 | 50.32 36.80 48.70 132.00 134.82 54.88 40.70 124.60 111.30 144.00 146.90 86.20 27.50 66.00 122.50 131.60 170.70 21.60 55.90
225 | 1 2 3 5 6 7 8 9 10 11 12 14 16 17 18 19 21 | 126.50 129.50 90.70 67.30 43.80 66.40 139.60 114.90 31.70 27.90 56.70 43.80 110.63 147.23 146.85 109.93 101.35
226 | 1 2 3 5 6 7 8 9 10 11 12 14 16 17 18 19 20 22 | 126.50 137.38 101.31 67.30 43.80 66.40 139.60 114.90 31.70 27.90 56.70 43.80 55.10 110.63 147.23 146.85 109.93 101.35
227 | 1 2 3 4 5 6 7 8 10 11 12 13 14 16 17 19 21 | 148.70 146.93 106.84 126.93 136.30 105.50 44.00 62.34 61.60 53.40 44.00 46.13 193.41 126.00 144.03 55.47 55.84
228 | 1 2 3 4 5 6 9 10 11 12 14 15 16 17 18 20 | 60.50 153.60 132.45 68.14 68.20 32.70 45.50 124.20 132.10 58.30 56.90 106.80 147.16 146.40 106.30 101.30
229 | 1 2 3 4 5 6 8 9 10 11 12 14 15 16 17 18 20 22 23 24 27 | 50.32 35.50 40.77 127.43 134.82 54.88 40.70 124.60 111.30 144.00 146.20 90.93 35.40 71.73 28.55 35.15 171.34 43.90 64.00 22.60 55.90
230 | 1 2 3 4 5 6 7 8 10 12 13 14 15 18 19 20 21 22 24 | 147.15 148.84 106.86 127.16 137.31 109.89 126.04 141.75 161.51 47.60 24.40 31.30 174.30 51.60 115.97 131.21 121.99 127.08 102.64
231 | 1 2 3 4 5 6 7 9 10 11 12 13 14 16 18 19 21 23 | 147.20 147.13 105.50 141.61 136.94 108.32 63.04 51.70 62.34 30.40 71.89 124.30 137.40 55.99 59.00 81.30 42.64 101.60
232 | 1 2 3 5 6 7 8 9 10 11 12 13 14 16 | 129.43 122.74 151.70 143.61 123.90 122.92 126.53 127.90 129.37 105.22 147.99 151.34 100.23 102.16
233 | 1 2 3 4 5 6 7 8 9 11 12 13 14 15 16 18 20 | 124.89 127.86 131.65 118.87 127.52 124.47 129.17 127.52 144.26 58.50 24.69 104.86 150.94 149.60 101.81 55.97 55.97
234 | 1 2 3 5 6 7 8 9 10 12 13 14 15 16 17 19 21 | 131.58 126.93 50.60 64.43 48.43 62.39 53.90 29.09 30.25 38.62 52.24 106.84 146.93 148.70 105.50 55.84 55.47
235 | 1 2 4 5 6 7 8 9 10 11 13 14 15 16 17 18 20 22 | 131.58 48.80 48.57 34.49 133.41 127.18 114.00 157.00 114.00 127.18 56.57 120.35 111.60 147.60 148.50 111.80 55.50 55.60
236 | 1 2 3 4 5 6 7 8 10 12 13 14 15 16 17 18 20 22 24 | 148.00 136.01 145.22 116.20 141.61 105.50 39.60 64.43 88.79 52.50 49.91 38.62 35.50 77.45 29.25 35.15 56.18 61.00 100.96
237 | 1 2 3 5 6 7 8 9 10 13 14 15 16 17 18 20 | 141.61 137.38 101.26 77.84 48.43 66.55 30.26 28.97 71.70 45.09 38.62 110.63 147.23 147.13 105.50 101.35
238 | 1 2 3 4 5 6 8 9 11 12 13 14 15 16 17 18 19 21 23 24 25 26 27 29 31 33 | 132.00 129.80 115.83 156.06 115.83 129.80 33.80 56.80 66.00 44.40 130.50 129.10 50.50 106.00 146.80 146.90 108.40 101.55 61.60 30.40 71.20 124.30 136.50 55.99 172.30 27.70
239 | 1 2 3 4 5 6 7 9 10 11 13 14 15 16 17 19 20 23 | 147.20 147.13 105.50 141.61 136.94 108.32 63.04 51.70 81.30 57.11 64.43 30.40 71.89 124.30 137.40 55.99 42.64 101.60
240 | 1 2 3 4 5 6 7 8 10 13 15 16 17 18 19 20 22 | 60.03 40.80 70.50 70.25 34.70 32.80 31.18 55.68 42.64 163.90 128.01 137.77 109.93 146.85 147.23 109.87 101.18
241 | 1 2 3 4 5 6 7 8 10 12 14 15 17 19 21 22 23 24 25 26 28 | 60.03 40.80 78.34 77.70 33.20 32.80 25.80 55.68 42.64 171.34 43.90 64.00 22.60 163.90 128.01 137.77 109.93 146.85 147.23 109.87 101.18
242 | 1 2 3 4 5 6 8 10 11 12 13 15 16 17 18 19 21 23 24 26 28 29 | 133.30 132.00 146.90 144.00 111.30 120.10 55.90 86.20 48.60 40.80 47.00 53.80 131.60 122.50 63.40 27.50 171.34 40.15 77.00 170.18 21.08 21.13
243 | 1 2 3 4 5 6 8 10 11 12 13 14 15 17 19 20 21 23 24 26 | 133.30 132.00 146.90 144.00 111.30 120.10 55.90 86.20 48.60 131.60 122.50 63.40 27.50 171.90 43.90 64.00 22.60 40.80 47.00 53.80
244 | 1 2 3 4 5 6 7 8 9 11 13 15 16 17 18 19 21 23 | 59.00 81.30 51.70 141.61 135.56 108.80 146.40 147.13 105.50 101.35 84.40 64.43 30.40 71.89 124.30 137.40 55.99 52.50
245 | 1 2 3 5 6 7 8 9 10 11 12 13 14 15 16 18 | 126.30 130.90 52.89 145.50 126.04 127.08 126.60 131.90 129.90 27.93 49.91 103.60 147.00 147.10 107.50 101.10
246 | 1 2 3 4 5 6 7 8 10 12 13 14 15 17 18 19 23 | 147.23 147.23 109.87 128.01 140.63 111.37 76.73 85.70 163.90 67.02 132.45 143.90 61.05 56.70 28.05 42.64 101.18
247 | 1 2 3 4 5 6 7 8 9 10 11 12 13 14 15 16 17 18 19 20 21 22 23 24 25 26 27 29 30 | 26.31 23.81 47.10 48.83 45.28 34.08 52.30 26.50 34.61 35.00 36.10 31.24 157.00 105.70 34.16 22.06 22.06 19.30 18.11 19.28 23.63 29.29 41.64 26.11 33.38 39.30 211.31 44.66 28.50
248 | 1 2 3 4 5 6 9 10 11 12 13 15 16 17 18 19 21 | 60.50 153.60 112.70 79.50 68.20 32.70 55.00 45.50 124.20 132.10 58.30 56.90 106.80 147.16 146.40 106.30 101.30
249 | 1 2 3 4 5 6 7 8 10 11 12 13 14 15 16 20 | 146.85 147.39 106.84 128.45 137.77 109.93 40.80 60.03 57.58 56.65 25.80 32.80 34.70 69.77 72.37 101.30
