
(rdkit3) C:\Users\jmn\Documents\GitHub\KnapsackSearch>"C:\Users\jmn\Documents\jdk1.8.0_202\bin\java.exe" -Xmx1g -classpath predictorc.jar;nmrshiftdb2/lib/cdk-interfaces.jar;nmrshiftdb2/lib/cdk-io.jar;nmrshiftdb2/lib/cdk-core.jar;nmrshiftdb2/lib/cdk-data.jar;nmrshiftdb2/lib/cdk-standard.jar;nmrshiftdb2/lib/cdk-sdg.jar;nmrshiftdb2/lib/cdk-valencycheck.jar;nmrshiftdb2/lib/vecmath1.2-1.14.jar;nmrshiftdb2/lib/jgrapht.jar;nmrshiftdb2/lib/antlr-2.7.2.jar;nmrshiftdb2/lib/cdk-atomtype.jar;nmrshiftdb2/lib/cdk-ioformats.jar;nmrshiftdb2/lib/cdk-legacy.jar;nmrshiftdb2/lib/guava-17.0.jar;nmrshiftdb2/lib/cdk-smiles.jar;nmrshiftdb2/lib/beam-core-0.9.2.jar;nmrshiftdb2/lib/beam-func-0.9.2.jar;. Demo "amaryll2_2D_tagged.sdf" "4" "3d" 
Duration: 9164
0 0 147.45
0 1 145.8
0 2 115.15
0 3 121.6
0 4 133.5
0 5 112.05
0 6 39.1
0 7 41.130676
0 8 41.130676
0 9 39.1
0 10 133.5
0 11 121.6
0 12 115.15
0 13 145.8
0 14 147.45
0 15 112.05
0 17 55.974922
0 19 65.52857
0 21 65.52857
0 25 55.974922
1 0 121.24286
1 1 114.41428
1 2 143.98572
1 3 146.62857
1 4 111.27143
1 5 131.95714
1 6 39.9
1 7 137.75
1 8 115.63333
1 10 55.974922
2 0 36.7
2 1 25.3
2 2 124.3
2 3 131.4275
2 4 17.73
2 5 25.82
2 6 30.8
2 7 39.4
2 8 60.7
2 10 19.4
3 0 161.18506
3 1 107.41053
3 2 129.46376
3 3 122.43636
3 4 159.8
3 5 97.790306
3 7 85.0
3 8 41.5
3 9 27.3
3 10 130.7
3 11 128.3
3 12 114.5
3 13 158.95454
3 14 114.5
3 15 128.3
3 17 56.57
4 0 161.18506
4 1 107.41053
4 2 129.46376
4 3 122.43636
4 4 159.8
4 5 97.790306
4 7 85.0
4 8 41.5
4 9 27.3
4 10 130.0
4 11 130.9
4 12 115.7
4 13 158.42667
4 14 115.7
4 15 130.9
5 0 160.3375
5 1 114.14503
5 2 129.46376
5 3 123.598335
5 4 154.4
5 5 112.648575
5 6 8.245714
5 8 79.01428
5 9 29.5
5 10 27.3
5 11 130.8
5 12 118.2
5 13 146.1
5 14 147.1
5 15 112.8
5 16 108.8
5 18 55.55
6 0 160.3375
6 1 114.14503
6 2 129.46376
6 3 123.598335
6 4 154.4
6 5 112.648575
6 6 8.245714
6 8 80.5
6 9 41.5
6 10 27.3
6 11 130.7
6 12 128.4
6 13 115.7
6 14 157.66591
6 15 115.7
6 16 128.4
7 0 161.18506
7 1 107.41053
7 2 129.46376
7 3 122.43636
7 4 159.8
7 5 97.790306
7 7 85.0
7 8 41.5
7 9 27.3
7 10 141.18333
7 11 125.97037
7 12 128.32608
7 13 126.8
7 14 128.32608
7 15 125.97037
8 0 161.18506
8 1 112.25651
8 2 128.17245
8 3 124.4
8 4 164.6
8 5 97.790306
8 7 79.9
8 8 43.273335
8 9 194.1
8 11 130.4
8 12 129.0
8 13 115.77857
8 14 157.66591
8 15 115.77857
8 16 129.0
9 0 115.828575
9 1 130.42857
9 2 131.25714
9 3 130.42857
9 4 115.828575
9 5 156.05571
9 7 34.2
9 8 61.4
9 10 45.4
9 11 45.4
10 0 120.9
10 1 118.8
10 2 111.4
10 3 136.0
10 4 127.7
10 5 120.0
10 6 101.0
10 7 125.0
11 0 147.38919
11 1 106.84041
11 2 129.1
11 3 126.6
11 4 109.93
11 5 146.8452
11 7 101.3
11 9 43.8
11 10 60.6
11 12 56.8
11 13 53.4
11 14 28.05
11 15 139.6
11 16 114.9
11 17 26.333334
11 18 78.880165
11 20 170.4568
11 22 21.194042
12 0 137.4
12 1 140.4
12 2 118.3
12 3 141.6104
12 4 105.503334
12 5 148.0
12 7 100.2
12 9 48.43292
12 10 64.434814
12 12 57.1
12 13 52.235455
12 14 38.615456
12 15 35.504505
12 16 75.003105
12 17 38.3
12 18 76.48112
12 21 171.08133
12 23 22.340666
12 25 60.997326
13 0 139.90291
13 1 149.35
13 2 108.890976
13 3 137.76666
13 4 109.93
13 5 151.83951
13 7 56.2976
13 8 43.8
13 9 78.880165
13 11 169.845
13 13 26.333334
13 14 114.9
13 15 139.6
13 16 66.4
13 18 56.7
13 19 27.9
13 20 43.8
13 22 61.175
13 24 61.176117
14 0 137.88077
14 1 140.4
14 2 118.3
14 3 141.6104
14 4 106.15
14 5 152.35783
14 7 44.0
14 8 62.9
14 10 55.8
14 11 53.4
14 12 44.0
14 13 30.17
14 14 71.88571
14 15 123.65714
14 16 132.1
14 18 55.985714
14 20 60.997326
14 22 61.42692
15 0 137.4
15 1 140.4
15 2 118.3
15 3 141.6104
15 4 105.503334
15 5 148.0
15 7 100.2
15 9 51.7
15 10 67.7
15 12 55.8
15 13 63.9
15 14 81.3
15 16 30.17
15 17 71.88571
15 18 123.65714
15 19 137.4
15 21 55.985714
15 23 60.997326
16 0 148.7
16 1 109.204445
16 2 132.9
16 3 122.0
16 4 111.55
16 5 147.7
16 7 55.6
16 8 54.29882
16 10 40.7
16 11 57.1
16 12 34.045162
16 13 131.25714
16 14 127.18
16 15 114.0
16 16 157.0
16 17 114.0
16 18 127.18
16 20 56.57
16 22 55.5
17 0 147.15715
17 1 106.8
17 2 132.1
17 3 124.2
17 4 106.3
17 5 146.4
17 7 101.3
17 9 45.5
17 10 56.9
17 12 58.3
17 13 60.5
17 14 153.6
17 15 132.44772
17 16 68.04444
17 17 68.2
17 18 32.7
18 0 136.0132
18 1 149.35
18 2 108.890976
18 3 137.76666
18 4 109.93
18 5 146.87032
18 7 100.96
18 9 42.266666
18 10 78.34182
18 12 168.89857
18 14 67.01667
18 15 132.44772
18 16 143.6
18 17 66.4
18 19 56.7
18 20 28.05
18 21 43.8
18 24 61.175
19 0 147.38919
19 1 106.84041
19 2 129.1
19 3 126.6
19 4 109.93
19 5 146.8452
19 7 101.3
19 9 42.266666
19 10 60.6
19 12 56.8
19 13 53.4
19 14 28.05
19 15 139.6
19 16 114.9
19 17 34.7
19 18 68.91296
20 0 147.38919
20 1 106.84041
20 2 128.45
20 3 137.76666
20 4 109.93
20 5 146.8452
20 7 101.3
20 9 40.696064
20 10 63.5
20 12 50.6
20 13 57.10606
20 14 74.8
20 15 139.26715
20 16 127.705
20 17 43.466667
20 18 57.858353
20 20 47.4
20 21 24.0
20 22 26.935272
21 0 147.68916
21 1 106.84041
21 2 129.1
21 3 126.6
21 4 114.7325
21 5 150.9
21 7 41.2
21 8 60.6
21 10 56.8
21 11 53.4
21 12 28.2
21 13 143.6
21 14 114.7
21 15 80.8
21 16 68.1
21 19 55.6
21 21 56.099854
22 0 137.4
22 1 140.4
22 2 118.3
22 3 141.6104
22 4 105.503334
22 5 148.0
22 7 100.2
22 9 48.43292
22 10 64.434814
22 12 55.8
22 13 63.9
22 14 77.3
22 16 35.504505
22 17 72.6478
22 18 52.633335
22 19 61.24286
22 22 56.7
22 24 60.997326
23 0 147.9
23 1 104.5
23 2 127.1
23 3 137.7
23 4 108.1
23 5 148.4
23 7 101.554
23 9 51.7
23 10 67.7
23 12 61.8
23 13 63.9
23 14 81.3
23 16 30.17
23 17 71.88571
23 18 123.65714
23 19 137.4
23 21 55.985714
24 0 111.3
24 1 124.6
24 2 134.82
24 3 132.0
24 4 146.9
24 5 144.0
24 7 55.9
24 9 86.2
24 10 48.7
24 11 36.8
24 12 50.31692
24 14 54.875
24 15 40.7
24 16 131.6
24 17 127.5
24 18 64.2
24 19 33.7
25 0 147.9
25 1 104.5
25 2 127.1
25 3 137.7
25 4 108.1
25 5 148.4
25 7 101.554
25 9 51.7
25 10 67.7
25 12 61.8
25 13 63.9
25 14 81.3
25 16 30.4
25 17 71.88571
25 18 124.3
25 19 137.4
25 21 55.985714
26 0 147.2307
26 1 109.86667
26 2 128.00789
26 3 137.76666
26 4 109.93
26 5 146.8452
26 7 101.18291
26 9 42.266666
26 10 73.804344
26 12 163.9
26 14 67.01667
26 15 132.44772
26 16 143.6
26 17 66.4
26 19 56.7
26 20 28.05
26 21 43.8
27 0 135.68533
27 1 147.07632
27 2 112.9
27 3 133.7469
27 4 106.365
27 5 146.87032
27 7 101.35407
27 9 133.0
27 10 116.7
27 11 66.82667
27 12 72.72775
27 13 69.9
27 14 53.4
27 16 160.70601
27 21 105.28
27 22 72.9
27 23 73.5
27 24 72.44
27 25 77.709915
27 27 61.1
28 0 147.6
28 1 112.3
28 2 129.5
28 3 126.5
28 4 109.4
28 5 147.6
28 7 56.175
28 8 43.8
28 9 67.3
28 11 90.7
28 13 31.7
28 14 114.9
28 15 139.6
28 16 66.4
28 18 56.7
28 19 27.9
28 20 43.8
28 22 56.033333
29 0 148.6
29 1 106.95
29 2 124.3
29 3 130.7
29 4 103.9
29 5 151.5
29 7 102.05
29 9 132.4
29 10 122.6
29 11 73.2
29 12 69.8
29 13 69.9
29 14 53.4
29 16 163.8
30 0 147.38919
30 1 106.84041
30 2 129.1
30 3 126.6
30 4 109.93
30 5 146.8452
30 7 101.3
30 9 41.2
30 10 60.6
30 12 56.8
30 13 53.4
30 14 28.2
30 15 143.6
30 16 132.44772
30 17 68.14333
30 18 74.82727
31 0 135.68533
31 1 147.07632
31 2 112.9
31 3 133.7469
31 4 106.365
31 5 146.87032
31 7 101.35407
31 9 133.0
31 10 122.6
31 11 73.2
31 12 69.8
31 13 69.9
31 14 53.4
31 16 160.70601
32 0 111.3
32 1 124.6
32 2 134.82
32 3 132.0
32 4 146.9
32 5 144.0
32 7 55.9
32 9 89.4
32 10 48.7
32 11 36.8
32 12 50.31692
32 14 54.875
32 15 40.7
32 16 146.7
32 17 126.0
32 18 192.9
32 20 36.8
33 0 135.68533
33 1 147.07632
33 2 112.9
33 3 137.76666
33 4 109.93
33 5 146.87032
33 7 101.35407
33 9 40.8
33 10 67.0
33 12 160.70601
33 14 71.675
33 15 72.72775
33 16 76.50483
33 17 75.73333
34 0 147.2307
34 1 110.63333
34 2 137.38461
34 3 141.6104
34 4 105.503334
34 5 147.13
34 7 101.354576
34 9 51.7
34 10 90.85
34 12 90.7
34 14 57.10606
34 16 64.434814
34 17 30.4
34 18 71.88571
34 19 124.3
34 20 137.4
34 22 55.985714
34 23 42.635925
35 0 119.85
35 1 120.0
35 2 124.6
35 3 112.0
35 4 138.7
35 5 125.35
35 6 115.5
35 7 129.36667
35 9 139.31667
35 11 41.905
35 12 19.2
35 13 161.5139
35 15 125.35714
35 16 138.01
35 17 110.18667
35 18 130.8
35 19 150.9
35 21 146.56363
35 22 129.5
35 23 120.3
36 0 63.455555
36 2 60.157143
36 3 127.4
36 4 135.87392
36 5 62.745453
36 7 174.6
36 9 83.9
36 11 31.9
36 12 16.45
36 13 16.45
36 14 72.5
36 15 16.6
36 17 57.08
36 18 23.635792
36 19 30.65
37 0 31.642105
37 1 71.50636
37 2 42.321053
37 3 140.8421
37 4 121.42857
37 5 31.982857
37 6 32.145714
37 7 50.37143
37 8 36.5
37 9 37.321053
37 10 18.194736
37 11 21.157143
37 12 38.073685
37 13 42.4735
37 14 57.109566
37 15 26.255629
37 16 34.1
37 17 42.9
37 18 48.0
37 19 11.8
37 21 40.0
37 22 40.0
37 23 15.540957
38 0 147.152
38 1 148.84
38 2 106.85833
38 3 127.164
38 4 137.31017
38 5 109.89302
38 6 116.7
38 7 137.5
38 9 160.70601
38 11 116.3
38 12 131.7
38 13 123.1
38 14 124.0
38 16 102.64
39 0 156.82857
39 1 115.91428
39 2 131.41429
39 3 136.1
39 4 131.41429
39 5 115.91428
39 6 38.37143
39 7 73.55
39 8 64.55953
39 10 142.975
39 11 144.9
39 13 106.85833
39 14 127.164
39 15 137.31017
39 16 109.89302
39 17 116.7
39 18 137.5
39 20 160.70601
39 22 116.3
39 23 131.7
39 24 123.1
39 25 124.0
40 0 156.36029
40 1 106.185715
40 2 161.26666
40 3 109.538666
40 4 162.64546
40 5 95.819695
40 7 72.0
40 8 74.5
40 9 80.3
40 10 72.5
40 11 82.5
40 13 62.9
40 19 180.8
40 21 109.24545
40 22 166.62857
40 24 20.914286
41 0 161.26256
41 1 93.11429
41 2 164.3
41 3 93.11429
41 4 161.26256
41 5 107.26613
41 6 203.45
41 8 32.583332
41 10 56.19282
41 13 56.19282
42 0 161.26256
42 1 92.2
42 2 166.0
42 3 96.3318
42 4 163.07002
42 5 111.2
42 6 205.1
42 8 33.7
42 11 56.4
42 13 56.19282
43 0 128.71428
43 1 128.45
43 2 128.71428
43 3 128.78572
43 4 134.1
43 5 128.78572
43 6 152.5
43 7 128.2
43 8 193.44073
44 0 161.75262
44 1 150.83333
44 2 78.95
44 3 131.1
44 4 126.6
44 5 130.4
44 6 140.41364
44 7 137.1309
44 8 134.43546
44 9 130.97728
44 10 130.97728
44 11 134.43546
44 12 137.1309
44 13 138.43889
44 14 125.35555
44 15 132.56923
44 16 137.1047
44 17 12.880851
44 18 123.1
44 19 135.6
44 20 54.406384
44 21 33.86
44 22 42.478573
44 23 65.28333
44 24 132.44772
44 25 146.13385
44 26 22.033333
44 28 26.85
44 29 26.85
44 30 12.816667
44 31 12.816667
44 32 13.3
44 34 88.52
44 35 40.94349
44 36 64.20909
44 37 49.8
44 38 35.4
44 39 26.35
44 40 26.35
44 42 27.714285
45 0 164.18
45 1 98.94334
45 2 161.46333
45 3 104.735
45 4 156.5
45 5 93.725
45 7 156.83
45 8 132.67
45 9 177.33
45 12 100.36667
45 13 79.5325
45 14 78.286316
45 15 71.274284
45 16 77.7
45 18 62.6
45 23 106.6
45 24 74.4
45 25 75.9
45 26 70.905716
45 27 66.4
45 32 121.105
45 33 130.935
45 34 115.18
45 35 160.12
45 36 115.18
45 37 130.935
46 0 162.4
46 1 99.2
46 2 160.825
46 3 105.44
46 4 155.94
46 5 95.4
46 7 162.0
46 8 135.8
46 9 180.1
46 12 102.6
46 13 73.9
46 14 77.3
46 15 69.7
46 16 76.4
46 18 60.8
46 23 121.105
46 24 130.935
46 25 115.18
46 26 160.12
46 27 115.18
46 28 130.935
46 32 102.4
46 33 78.6
46 34 78.34
46 35 69.695
46 36 78.39571
46 38 61.076668
47 0 164.18
47 1 98.94334
47 2 161.46333
47 3 104.735
47 4 156.5
47 5 93.725
47 7 158.858
47 8 134.59
47 9 178.825
47 12 101.53866
47 13 72.78571
47 14 75.165215
47 15 69.836845
47 16 66.07549
47 21 124.0
47 22 131.54286
47 23 117.9
47 24 161.3
47 25 117.9
47 26 131.54286
47 28 103.6
47 29 74.7
47 30 77.4
47 31 71.1
47 32 66.9
48 0 162.4
48 1 99.2
48 2 160.825
48 3 105.44
48 4 155.94
48 5 95.4
48 7 158.858
48 8 132.67
48 9 178.825
48 12 100.36667
48 13 79.5325
48 14 78.07
48 15 71.502266
48 16 77.7
48 18 62.6
48 23 106.6
48 24 74.4
48 25 75.9
48 26 70.905716
48 27 66.4
48 32 121.105
48 33 130.935
48 34 115.18
48 35 160.12
48 36 115.18
48 37 130.935
48 41 99.95
48 42 73.05
48 43 76.35
48 44 69.678665
48 45 76.4
48 47 60.811428
49 0 162.4
49 1 99.2
49 2 160.825
49 3 105.44
49 4 155.94
49 5 95.4
49 7 158.858
49 8 132.67
49 9 178.825
49 12 100.36667
49 13 78.81
49 14 78.07
49 15 71.502266
49 16 77.7
49 18 62.6
49 23 104.5
49 24 76.38571
49 25 78.37273
49 26 69.9
49 27 78.77273
49 29 61.1
49 34 121.105
49 35 130.935
49 36 115.18
49 37 160.12
49 38 115.18
49 39 130.935
49 43 103.7
49 44 78.6
49 45 77.277145
49 46 69.695
49 47 76.4
49 49 61.076668
50 0 164.18
50 1 98.94334
50 2 161.46333
50 3 103.675
50 4 156.375
50 5 93.675
50 7 157.175
50 8 133.1
50 9 176.9
50 12 101.1
50 13 73.9
50 14 77.3
50 15 69.7
50 16 76.4
50 18 60.8
50 23 121.333336
50 24 121.63333
50 25 115.5
50 26 148.78
50 27 145.16
50 28 115.6
51 0 164.18
51 1 98.94334
51 2 161.46333
51 3 103.675
51 4 156.375
51 5 93.675
51 7 157.175
51 8 133.1
51 9 176.9
51 12 103.15
51 13 74.1
51 14 74.9
51 15 70.0
51 16 75.5
51 18 67.327774
51 20 100.2875
51 21 70.365
51 22 70.695
51 23 71.85333
51 24 68.3225
51 26 18.2
51 33 121.333336
51 34 121.63333
51 35 115.5
51 36 148.78
51 37 145.16
51 38 115.6
52 0 164.18
52 1 98.94334
52 2 161.0
52 3 103.675
52 4 156.5
52 5 93.675
52 7 158.4
52 8 136.2
52 9 176.9
52 12 103.15
52 13 74.1
52 14 74.9
52 15 70.0
52 16 75.5
52 18 67.327774
52 20 100.2875
52 21 70.365
52 22 70.695
52 23 71.85333
52 24 68.3225
52 26 17.845
52 33 120.6
52 34 124.9
52 35 115.5
52 36 146.1
52 37 149.1
52 38 115.1
52 40 55.7
53 0 152.7
53 1 103.29425
53 2 157.9
53 3 105.4
53 4 144.3
53 5 126.7
53 8 156.4317
53 9 133.97144
53 10 179.2
53 13 101.1
53 14 73.9
53 15 77.3
53 16 69.7
53 17 76.4
53 19 60.8
53 24 121.784
53 25 121.990906
53 26 115.5
53 27 148.78
53 28 145.16
53 29 116.13636
54 0 169.6
54 1 103.3
54 2 159.2
54 3 113.3
54 4 156.95
54 5 94.95
54 7 163.3
54 8 144.4
54 9 136.8
54 11 100.8
54 12 80.5
54 13 76.9
54 14 71.317825
54 15 77.7
54 17 62.238
54 22 106.38571
54 23 76.38571
54 24 78.37273
54 25 71.7
54 26 78.77273
54 28 62.694443
54 33 119.4
54 34 135.5
54 35 117.3
54 36 165.17143
54 37 117.3
54 38 135.5
55 0 169.6
55 1 103.3
55 2 159.2
55 3 113.3
55 4 156.95
55 5 94.95
55 7 163.3
55 8 144.4
55 9 136.8
55 11 103.7
55 12 74.8
55 13 77.26667
55 14 69.96667
55 15 76.68261
55 17 66.4
55 19 100.2875
55 20 70.365
55 21 70.695
55 22 71.85333
55 23 68.3225
55 25 18.2
55 32 119.4
55 33 135.5
55 34 117.3
55 35 165.17143
55 36 117.3
55 37 135.5
56 0 169.6
56 1 103.3
56 2 159.2
56 3 113.3
56 4 156.95
56 5 94.95
56 7 163.3
56 8 144.4
56 9 136.8
56 11 103.7
56 12 74.8
56 13 77.26667
56 14 69.96667
56 15 76.68261
56 17 66.4
56 19 100.2875
56 20 70.365
56 21 70.695
56 22 71.85333
56 23 68.3225
56 25 18.2
56 32 125.41053
56 33 117.75
56 34 146.36827
56 35 137.84866
56 36 146.36827
56 37 117.75
57 0 165.1
57 1 102.98572
57 2 165.58571
57 3 113.3
57 4 132.34285
57 5 107.9
57 6 191.4
57 8 117.8
57 9 143.8
57 10 127.525
57 11 130.5
57 12 116.0
57 13 159.61667
57 14 116.0
57 15 130.5
58 0 163.55714
58 1 113.925
58 2 130.7
58 3 137.0
58 4 130.7
58 5 113.925
58 6 189.5125
58 8 122.589806
58 9 133.66142
58 10 118.55
58 11 157.93
58 12 97.790306
58 13 164.66335
58 14 98.4
58 15 153.66667
58 19 56.13
58 21 56.57
59 0 159.9
59 1 107.0
59 2 158.7
59 3 105.8
59 4 158.3
59 5 101.5
59 6 8.0
59 8 78.8
59 9 43.6
59 10 198.4
59 12 130.4
59 13 128.9
59 14 116.24286
59 15 157.66591
59 16 116.24286
59 17 128.9
59 20 7.9
60 0 163.74762
60 1 106.71742
60 2 129.46376
60 3 122.43636
60 4 159.8
60 5 99.50271
60 7 85.0
60 8 41.5
60 9 27.3
60 10 130.0
60 11 130.9
60 12 115.7
60 13 157.66591
60 14 115.7
60 15 130.9
60 18 55.54
61 0 162.25333
61 1 97.790306
61 2 158.10681
61 3 103.0
61 4 155.14737
61 5 94.7
61 7 80.5
61 8 29.1
61 9 19.3
61 10 130.7
61 11 128.3
61 12 114.5
61 13 158.95454
61 14 114.5
61 15 128.3
61 17 56.57
61 19 55.995
62 0 161.18506
62 1 107.41053
62 2 129.46376
62 3 122.43636
62 4 159.8
62 5 97.790306
62 7 79.01428
62 8 29.5
62 9 27.3
62 10 135.6
62 11 117.8
62 12 115.4
62 13 147.3
62 14 147.8
62 15 106.2
62 17 55.7
63 0 161.18506
63 1 107.41053
63 2 129.46376
63 3 122.43636
63 4 159.8
63 5 97.790306
63 7 79.01428
63 8 29.5
63 9 27.3
63 10 135.6
63 11 106.7
63 12 147.2
63 13 147.8
63 14 108.1
63 15 119.6
63 17 100.96364
64 0 163.74762
64 1 106.71742
64 2 129.46376
64 3 122.43636
64 4 159.8
64 5 99.50271
64 7 76.64597
64 8 29.5
64 9 27.3
64 10 122.04222
64 11 111.2
64 12 147.2307
64 13 152.9021
64 14 96.8813
64 15 155.17857
64 18 101.7532
64 21 55.54
65 0 160.0
65 1 114.254585
65 2 129.46376
65 3 122.43636
65 4 159.8
65 5 99.50271
65 7 79.01428
65 8 41.5
65 9 27.3
65 10 135.6
65 11 106.7
65 12 147.2
65 13 147.8
65 14 108.1
65 15 119.6
65 17 100.96364
65 20 102.1
65 21 74.9
65 22 76.85
65 23 69.695
65 24 76.2
65 26 61.076668
66 0 158.8
66 1 97.24715
66 2 158.10681
66 3 110.7
66 4 153.89711
66 5 118.925
66 6 9.3
66 8 73.870636
66 9 29.5
66 10 28.0
66 11 141.18333
66 12 128.61227
66 13 115.89773
66 14 157.66591
66 15 115.89773
66 16 128.61227
66 19 55.995
66 21 55.7
67 0 109.86667
67 1 133.86667
67 2 126.1
67 3 127.1
67 4 111.5
67 5 122.36667
67 6 136.0
67 7 118.3
67 8 42.5
67 9 55.1
67 11 62.4
67 12 27.0
67 13 109.933334
67 14 118.666664
67 16 43.4
67 17 174.3
67 20 96.12185
67 21 163.2
67 24 102.8
67 26 63.9
67 28 167.95555
67 30 59.105537
67 31 26.42
67 32 18.35
67 33 18.35
67 34 45.8
67 35 21.7
67 36 25.9
67 38 28.31591
67 39 7.781822
68 0 130.9
68 1 80.1
68 3 156.06686
68 4 123.598335
68 5 34.9
68 6 66.9
68 8 129.46376
68 9 106.71742
68 10 163.74762
68 11 99.50271
68 13 55.54
68 14 130.7
68 15 115.9
68 16 158.7
68 17 115.9
68 18 130.7
69 0 106.07183
69 1 154.89627
69 2 101.5
69 3 159.9
69 4 107.0
69 5 159.96
69 7 7.9
69 9 8.0
69 11 164.1909
69 12 103.7
69 13 182.58556
69 15 121.34286
69 16 128.6
69 17 116.0
69 18 161.4
69 19 116.0
69 20 128.6
70 0 163.74762
70 1 111.92875
70 2 128.17245
70 3 119.453995
70 4 156.06686
70 5 99.47704
70 7 55.92287
70 8 203.88933
70 10 46.3
70 11 30.5
70 12 133.5
70 13 130.3
70 14 116.0
70 15 156.3
70 16 116.0
70 17 130.3
70 20 55.54
71 0 148.0
71 1 137.4
71 2 140.4
71 3 118.3
71 4 141.6104
71 5 105.503334
71 6 48.43292
71 7 64.434814
71 9 55.8
71 10 63.9
71 11 77.3
71 13 35.504505
71 14 72.6478
71 15 52.633335
71 16 61.24286
71 19 56.7
71 21 60.997326
71 23 100.2
72 0 146.8452
72 1 147.38919
72 2 106.84041
72 3 129.1
72 4 126.6
72 5 109.93
72 6 42.266666
72 7 60.6
72 9 56.8
72 10 53.4
72 11 28.2
72 12 143.6
72 13 114.7
72 14 69.1
72 15 73.804344
72 17 169.84
72 19 21.012424
72 21 170.08167
72 23 20.718334
72 25 101.3
73 0 146.8452
73 1 147.38919
73 2 106.84041
73 3 129.1
73 4 126.6
73 5 109.93
73 6 42.266666
73 7 60.6
73 9 56.8
73 10 53.4
73 11 28.2
73 12 143.6
73 13 132.44772
73 14 68.14333
73 15 73.804344
73 17 169.84
73 19 21.012424
73 22 101.3
74 0 150.9
74 1 147.68916
74 2 106.84041
74 3 129.1
74 4 126.6
74 5 114.7325
74 6 42.266666
74 7 60.6
74 9 56.8
74 10 53.4
74 11 28.2
74 12 143.6
74 13 132.44772
74 14 68.14333
74 15 73.804344
74 17 169.84
74 19 21.012424
74 22 56.099854
75 0 150.9
75 1 147.68916
75 2 106.84041
75 3 129.1
75 4 126.6
75 5 114.7325
75 6 41.2
75 7 60.6
75 9 56.8
75 10 53.4
75 11 28.2
75 12 143.6
75 13 114.7
75 14 69.1
75 15 68.1
75 18 170.08167
75 20 20.718334
75 22 56.099854
76 0 148.4
76 1 147.9
76 2 104.5
76 3 127.1
76 4 137.7
76 5 108.1
76 6 51.7
76 7 67.7
76 9 61.8
76 10 63.9
76 11 81.3
76 13 30.4
76 14 69.15458
76 15 124.3
76 16 137.4
76 18 170.11052
76 20 21.123077
76 22 101.554
77 0 147.625
77 1 148.24287
77 2 109.86667
77 3 128.00789
77 4 137.76666
77 5 109.93
77 6 42.266666
77 7 78.34182
77 9 163.9
77 11 67.01667
77 12 132.44772
77 13 143.6
77 14 66.4
77 16 56.7
77 17 28.05
77 18 43.8
77 21 56.00375
77 23 56.175
78 0 147.13
78 1 146.4
78 2 108.8
78 3 135.5625
78 4 141.6104
78 5 105.503334
78 6 44.0
78 7 64.434814
78 9 78.1
78 11 49.908134
78 12 44.0
78 13 32.5
78 14 64.0
78 15 127.5
78 16 132.1
78 19 101.354576
79 0 147.13
79 1 146.4
79 2 108.8
79 3 135.5625
79 4 141.6104
79 5 105.503334
79 6 44.0
79 7 64.434814
79 9 81.15
79 11 49.908134
79 12 44.0
79 13 32.5
79 14 64.0
79 15 127.5
79 16 132.1
79 19 101.354576
80 0 147.13
80 1 146.4
80 2 108.8
80 3 135.5625
80 4 141.6104
80 5 105.503334
80 6 51.7
80 7 62.342857
80 9 81.15
80 11 58.99652
80 12 81.3
80 14 30.17
80 15 71.88571
80 16 123.65714
80 17 137.4
80 19 55.985714
80 21 101.354576
81 0 147.13
81 1 146.4
81 2 108.8
81 3 135.5625
81 4 141.6104
81 5 105.503334
81 6 51.7
81 7 64.434814
81 9 84.4
81 11 52.5
81 12 57.10606
81 13 81.3
81 15 30.17
81 16 71.88571
81 17 123.65714
81 18 137.4
81 20 55.985714
81 22 101.354576
82 0 145.65
82 1 145.9012
82 2 112.341934
82 3 128.00789
82 4 137.76666
82 5 109.93
82 6 43.8
82 7 78.880165
82 9 163.9
82 11 26.333334
82 12 114.9
82 13 139.6
82 14 66.4
82 16 56.7
82 17 27.9
82 18 43.8
82 21 56.1
83 0 149.5
83 1 126.20756
83 2 114.415
83 3 158.72926
83 4 114.415
83 5 126.20756
83 7 68.8
83 8 58.00714
83 10 45.625713
83 11 45.625713
83 12 34.533333
83 13 36.114315
83 14 38.11
83 15 209.21143
83 17 38.11
83 18 36.114315
83 19 45.8
83 20 49.186882
83 22 45.1023
83 23 45.1023
84 0 147.152
84 1 148.84
84 2 106.85833
84 3 127.164
84 4 137.31017
84 5 109.89302
84 6 126.038605
84 7 145.5
84 9 161.5139
84 11 48.02222
84 12 27.933332
84 13 129.9
84 14 131.9
84 15 126.59845
84 16 127.082794
84 18 102.64
85 0 151.34
85 1 148.7032
85 2 104.856285
85 3 127.52256
85 4 129.17363
85 5 101.815
85 6 127.52256
85 7 118.86818
85 9 144.2625
85 10 58.5
85 11 24.6875
85 12 131.65045
85 13 127.862946
85 14 124.89375
85 15 124.47119
85 17 101.566666
86 0 147.152
86 1 148.84
86 2 106.85833
86 3 127.164
86 4 137.31017
86 5 109.89302
86 6 126.038605
86 7 132.43077
86 9 160.70601
86 11 137.8
86 12 114.391075
86 13 129.03117
86 14 127.082794
86 17 102.64
87 0 146.87032
87 1 135.68533
87 2 147.07632
87 3 112.9
87 4 137.31017
87 5 109.89302
87 6 126.038605
87 7 132.43077
87 9 160.70601
87 11 137.8
87 12 114.391075
87 13 129.03117
87 14 127.082794
87 18 101.35407
88 0 147.13
88 1 147.2307
88 2 110.63333
88 3 137.38461
88 4 141.6104
88 5 105.503334
88 6 48.43292
88 7 77.83659
88 9 101.25773
88 11 71.7
88 12 28.96684
88 13 30.258303
88 14 64.434814
88 16 53.7
88 17 38.615456
88 18 41.1
88 20 101.354576
89 0 146.88
89 1 147.402
89 2 106.026
89 3 126.92571
89 4 131.58
89 5 102.49
89 6 48.43292
89 7 64.434814
89 9 50.6
89 10 52.235455
89 11 38.615456
89 12 35.504505
89 13 72.6478
89 14 52.633335
89 15 61.24286
89 18 56.7
89 20 101.554
90 0 148.0
90 1 137.4
90 2 140.4
90 3 118.3
90 4 141.6104
90 5 105.503334
90 6 48.43292
90 7 64.434814
90 9 57.1
90 10 52.235455
90 11 38.615456
90 12 30.258303
90 13 28.96684
90 14 72.78571
90 15 74.49333
90 17 170.04
90 19 20.68
90 21 170.1
90 23 21.1
90 25 60.997326
90 27 100.2
91 0 148.4
91 1 147.9
91 2 104.5
91 3 127.1
91 4 137.7
91 5 108.1
91 6 51.7
91 7 67.7
91 9 61.8
91 10 63.9
91 11 81.3
91 13 32.5
91 14 64.0
91 15 127.5
91 16 137.4
91 19 101.554
92 0 147.13
92 1 147.402
92 2 106.026
92 3 126.92571
92 4 136.3
92 5 105.503334
92 6 44.0
92 7 62.9
92 9 61.6
92 10 53.4
92 11 44.0
92 12 30.17
92 13 71.88571
92 14 123.65714
92 15 132.1
92 17 55.985714
92 19 101.554
93 0 129.5
93 1 127.8
93 2 113.6
93 3 148.2
93 4 146.4
93 5 113.4
93 7 56.1
93 9 63.0
93 11 58.6
93 12 45.5
93 13 136.1
93 14 131.0
93 15 116.4
93 16 155.35
93 17 116.4
93 18 131.0
93 20 45.6
94 0 146.8452
94 1 147.2307
94 2 109.86667
94 3 128.00789
94 4 137.76666
94 5 109.93
94 6 40.8
94 7 78.34182
94 9 163.9
94 11 77.7
94 12 33.20084
94 13 32.8
94 14 60.033333
94 16 55.68
94 17 25.8
94 18 42.635925
94 20 171.94646
94 22 49.983334
94 23 200.31667
94 25 30.0
94 27 101.18291
95 0 146.8452
95 1 147.2307
95 2 109.86667
95 3 128.00789
95 4 137.76666
95 5 109.93
95 6 40.8
95 7 78.34182
95 9 163.9
95 11 77.7
95 12 33.20084
95 13 32.8
95 14 60.033333
95 16 55.68
95 17 31.175
95 18 42.635925
95 20 171.34262
95 22 43.9
95 23 64.0
95 24 22.6
95 27 101.18291
96 0 147.2307
96 1 146.8452
96 2 109.93
96 3 137.76666
96 4 128.00789
96 5 109.86667
96 6 168.44154
96 9 41.23
96 10 33.20084
96 11 66.778946
96 12 128.65352
96 13 143.9
96 14 63.5
96 16 56.7
96 17 28.05
96 18 43.8
96 20 165.98785
96 22 120.565674
96 23 137.2
96 24 122.4
96 25 157.6625
96 27 163.16667
96 28 26.042856
96 29 24.388235
96 31 101.18291
97 0 147.2307
97 1 146.8452
97 2 109.93
97 3 137.76666
97 4 128.00789
97 5 109.86667
97 6 168.44154
97 9 41.23
97 10 33.20084
97 11 63.833332
97 12 128.65352
97 13 143.9
97 14 63.5
97 16 56.7
97 17 28.05
97 18 43.8
97 21 101.18291
98 0 146.8452
98 1 147.38919
98 2 106.84041
98 3 129.1
98 4 126.6
98 5 109.93
98 6 42.266666
98 7 60.6
98 9 56.8
98 10 53.4
98 11 28.2
98 12 143.6
98 13 114.7
98 14 69.1
98 15 73.804344
98 17 169.84
98 19 21.012424
98 21 106.85
98 22 20.972727
98 25 101.3
99 0 147.2307
99 1 146.8452
99 2 109.93
99 3 137.76666
99 4 128.00789
99 5 109.86667
99 6 163.9
99 9 70.5
99 10 40.8
99 11 60.033333
99 12 32.8
99 13 34.69875
99 14 77.7
99 16 165.98785
99 18 124.6
99 19 141.0
99 20 124.6
99 21 162.1
99 23 162.1
99 24 24.8
99 25 24.8
99 26 165.98785
99 29 77.7
99 30 73.804344
99 31 40.8
99 32 137.76666
99 33 109.93
99 34 146.8452
99 35 147.2307
99 36 109.86667
99 37 128.00789
99 38 163.9
99 42 101.18291
99 44 60.033333
99 45 32.8
99 46 33.20084
99 47 31.175
99 48 55.68
99 50 42.635925
99 51 31.175
99 52 55.68
99 54 42.635925
99 56 101.18291
100 0 33.20084
100 1 66.778946
100 2 128.65352
100 3 143.9
100 4 63.5
100 5 40.75
100 6 137.76666
100 7 126.35
100 8 127.05
100 9 129.40955
100 10 127.504585
100 11 128.00789
100 12 168.44154
100 16 56.7
100 17 28.05
100 18 43.8
100 20 169.9
100 22 20.9
101 0 146.8452
101 1 147.2307
101 2 109.86667
101 3 128.00789
101 4 137.76666
101 5 109.93
101 6 40.696064
101 7 78.52916
101 9 163.9
101 11 131.5
101 12 129.43333
101 13 43.466667
101 14 63.325
101 16 55.68
101 17 31.0
101 18 42.635925
101 20 101.18291
102 0 146.8452
102 1 147.2307
102 2 109.86667
102 3 128.00789
102 4 137.76666
102 5 109.93
102 6 40.8
102 7 78.34182
102 9 163.9
102 11 68.58116
102 12 33.20084
102 13 32.8
102 14 60.033333
102 16 55.68
102 17 25.8
102 18 42.635925
102 21 101.18291
103 0 148.0
103 1 137.4
103 2 140.4
103 3 118.3
103 4 141.6104
103 5 105.503334
103 6 48.43292
103 7 64.434814
103 9 57.1
103 10 52.235455
103 11 38.615456
103 12 35.504505
103 13 69.6
103 14 58.0
103 15 61.24286
103 19 60.997326
103 21 100.2
104 0 147.13
104 1 147.402
104 2 106.026
104 3 126.92571
104 4 141.6104
104 5 105.503334
104 6 48.43292
104 7 64.434814
104 9 61.8
104 10 63.9
104 11 77.3
104 13 37.65
104 14 67.231514
104 15 38.9
104 16 76.48112
104 20 101.554
105 0 147.13
105 1 147.402
105 2 106.026
105 3 126.92571
105 4 136.3
105 5 105.503334
105 6 44.0
105 7 62.9
105 9 61.6
105 10 53.4
105 11 44.0
105 12 32.5
105 13 64.0
105 14 127.5
105 15 132.1
105 18 101.554
106 0 148.0
106 1 137.4
106 2 140.4
106 3 118.3
106 4 141.6104
106 5 105.503334
106 6 48.43292
106 7 64.434814
106 9 57.1
106 10 52.235455
106 11 38.615456
106 12 30.258303
106 13 28.96684
106 14 70.24737
106 15 75.994736
106 19 60.997326
106 21 100.2
107 0 54.875
107 2 50.31692
107 3 36.8
107 4 48.7
107 5 132.0
107 6 134.82
107 7 124.6
107 8 111.3
107 9 144.0
107 10 146.9
107 12 86.2
107 13 38.273685
107 14 64.2
107 15 127.5
107 16 131.6
107 19 55.9
107 20 40.7
108 0 147.5
108 1 147.5
108 2 110.8
108 3 129.1
108 4 126.6
108 5 108.1
108 6 41.2
108 7 60.6
108 9 56.8
108 10 53.4
108 11 28.2
108 12 143.6
108 13 114.7
108 14 80.8
108 15 68.1
108 18 55.6
108 20 55.466667
108 22 56.175
109 0 147.13
109 1 146.4
109 2 108.8
109 3 135.5625
109 4 141.6104
109 5 105.503334
109 6 51.7
109 7 62.342857
109 9 81.15
109 11 58.99652
109 12 81.3
109 14 30.4
109 15 71.88571
109 16 124.3
109 17 137.4
109 19 55.985714
109 21 101.354576
110 0 148.10568
110 1 135.91429
110 2 145.21977
110 3 118.3
110 4 141.6104
110 5 105.503334
110 6 48.43292
110 7 64.434814
110 9 55.8
110 10 63.9
110 11 77.3
110 13 35.504505
110 14 77.45
110 15 29.247368
110 16 35.152916
110 18 56.18261
110 20 60.997326
110 23 56.36883
111 0 124.07
111 1 122.81
111 2 127.72
111 3 130.12
111 4 116.2
111 5 119.33
111 6 131.17
111 7 121.4
111 8 157.03
111 11 111.09
111 12 123.45
111 13 109.7
111 14 145.40164
111 15 145.40164
111 16 108.6
112 0 148.36
112 1 152.6
112 2 106.55
112 3 121.4
112 4 131.17
112 5 102.55
112 6 116.2
112 7 130.12
112 9 157.03
112 11 111.09
112 12 123.45
112 13 127.72
112 14 122.81
112 15 124.07
112 16 119.33
112 18 102.64
113 0 146.8452
113 1 147.38919
113 2 106.84041
113 3 129.1
113 4 126.6
113 5 109.93
113 6 41.2
113 7 60.6
113 9 56.8
113 10 53.4
113 11 28.2
113 12 143.6
113 13 114.7
113 14 80.8
113 15 68.1
113 18 55.6
113 20 101.3
114 0 135.77242
114 1 151.83951
114 2 106.84041
114 3 131.08624
114 4 135.545
114 5 147.07632
114 7 39.6
114 8 62.342857
114 10 61.63
114 11 52.301334
114 12 38.615456
114 13 35.932434
114 14 77.45
114 15 26.77
114 16 35.152916
114 18 56.18261
114 20 56.2976
114 22 60.52069
115 0 147.625
115 1 148.24287
115 2 109.86667
115 3 128.00789
115 4 137.76666
115 5 109.93
115 6 43.8
115 7 75.766304
115 9 163.9
115 11 26.333334
115 12 114.9
115 13 139.6
115 14 66.4
115 16 56.7
115 17 27.9
115 18 43.8
115 20 56.00375
115 22 56.175
116 0 146.87032
116 1 135.68533
116 2 147.07632
116 3 112.9
116 4 137.31017
116 5 109.89302
116 6 116.2
116 7 130.12
116 9 158.365
116 11 111.09
116 12 123.45
116 13 127.72
116 14 122.81
116 15 124.07
116 16 119.33
116 19 101.35407
117 0 53.186848
117 2 58.9
117 3 131.08624
117 4 125.925
117 5 45.4
117 6 141.8
117 7 131.0
117 8 116.4
117 9 157.3
117 10 116.4
117 11 131.0
117 13 147.07632
117 14 148.42976
117 15 110.95977
117 16 124.6
117 18 56.103405
117 20 45.6
118 0 147.6
118 1 148.5
118 2 111.8
118 3 131.58
118 4 120.35
118 5 111.6
118 6 48.804176
118 8 48.57
118 9 34.488
118 10 133.4109
118 11 130.85
118 12 116.49
118 13 156.05571
118 14 116.49
118 15 130.85
118 18 55.5
118 20 55.6
119 0 147.6
119 1 148.5
119 2 111.8
119 3 131.58
119 4 120.35
119 5 111.6
119 6 48.804176
119 8 48.57
119 9 34.488
119 10 133.4109
119 11 127.18
119 12 117.4
119 13 157.91737
119 14 117.4
119 15 127.18
119 17 102.4
119 19 77.1
119 20 69.678665
119 22 76.35
119 24 74.22182
119 26 60.811428
119 29 55.5
119 31 55.6
120 0 54.875
120 2 50.31692
120 3 36.8
120 4 48.7
120 5 132.0
120 6 134.82
120 7 124.6
120 8 115.40336
120 9 144.24902
120 10 147.18294
120 12 86.2
120 13 27.5
120 14 63.4
120 15 122.5
120 16 131.6
120 18 171.9
120 20 43.9
120 21 64.0
120 22 22.6
120 25 40.7
121 0 146.8452
121 1 147.38919
121 2 106.84041
121 3 129.1
121 4 126.6
121 5 109.93
121 6 42.266666
121 7 63.5
121 9 50.6
121 10 55.989353
121 11 131.58476
121 12 139.26715
121 13 63.354546
121 14 74.48111
121 15 73.804344
121 17 169.84
121 19 21.012424
121 21 58.137547
121 24 101.3
122 0 54.875
122 2 50.31692
122 3 35.5
122 4 40.766666
122 5 127.433334
122 6 134.82
122 7 124.6
122 8 111.3
122 9 144.0
122 10 146.2
122 12 90.92857
122 13 37.8
122 14 66.0
122 15 30.971807
122 16 35.152916
122 19 55.9
122 20 40.7
123 0 146.8452
123 1 147.38919
123 2 106.84041
123 3 129.1
123 4 126.6
123 5 109.93
123 6 42.266666
123 7 60.6
123 9 56.8
123 10 53.4
123 11 28.2
123 12 143.6
123 13 132.44772
123 14 68.14333
123 15 73.804344
123 17 98.2
123 19 77.709915
123 20 69.9
123 22 77.484474
123 24 74.17364
123 26 61.1
123 30 101.3
124 0 146.8452
124 1 147.38919
124 2 106.84041
124 3 129.1
124 4 126.6
124 5 109.93
124 6 42.266666
124 7 60.6
124 9 56.8
124 10 53.4
124 11 28.2
124 12 143.6
124 13 128.65352
124 14 68.04444
124 15 70.5
124 17 104.54519
124 19 74.594475
124 20 70.290565
124 22 76.145836
124 24 75.1
124 26 64.205
124 28 170.9
124 30 34.3475
124 31 25.105
124 32 29.533333
124 33 29.776667
124 34 29.6975
124 35 29.621952
124 36 29.42
124 37 29.505
124 38 29.42
124 39 29.075
124 40 29.04
124 41 28.72
124 42 32.043335
124 43 22.15
124 44 13.97
124 47 101.3
125 0 148.7
125 1 146.93333
125 2 106.84041
125 3 126.92571
125 4 136.3
125 5 105.503334
125 6 44.0
125 7 62.9
125 9 61.6
125 10 53.4
125 11 44.0
125 12 32.5
125 13 64.0
125 14 127.5
125 15 132.1
125 18 55.466667
125 20 55.84
126 0 64.0
126 1 127.5
126 2 132.1
126 3 44.0
126 4 62.342857
126 5 32.5
126 7 53.7
126 8 44.0
126 9 42.635925
126 10 140.125
126 11 126.20756
126 12 111.14
126 13 147.12
126 14 148.51
126 15 107.85
126 17 55.91
126 19 55.6
127 0 146.8452
127 1 147.2307
127 2 109.86667
127 3 128.00789
127 4 137.76666
127 5 109.93
127 6 40.8
127 7 74.07166
127 9 163.9
127 11 77.7
127 12 34.69875
127 13 32.8
127 14 60.033333
127 16 55.68
127 17 31.175
127 18 42.635925
127 20 165.98785
127 22 124.6
127 23 162.1
127 25 162.1
127 26 124.6
127 27 141.0
127 28 165.98785
127 31 71.38605
127 32 33.20084
127 33 32.8
127 34 60.033333
127 35 40.8
127 36 74.82727
127 38 137.76666
127 39 109.93
127 40 146.8452
127 41 147.2307
127 42 109.86667
127 43 128.00789
127 44 168.44154
127 48 101.18291
127 51 55.68
127 52 31.175
127 53 42.635925
127 54 24.8
127 55 24.8
127 57 101.18291
128 0 54.875
128 2 50.31692
128 3 36.8
128 4 48.7
128 5 132.0
128 6 134.82
128 7 124.6
128 8 111.3
128 9 144.0
128 10 146.9
128 12 86.2
128 13 33.7
128 14 64.2
128 15 127.5
128 16 131.6
128 19 55.9
128 20 56.9
128 21 135.6
128 22 117.75
129 0 146.88
129 1 147.48
129 2 107.19
129 3 126.69
129 4 131.58
129 5 102.49
129 6 48.43292
129 7 64.434814
129 9 61.8
129 10 59.96
129 11 90.85
129 13 65.888374
129 14 70.486664
129 15 26.1
129 16 10.0
129 18 37.65
129 19 77.45
129 20 26.77
129 21 35.152916
129 23 56.18261
129 25 101.554
130 0 147.5
130 1 147.5
130 2 110.8
130 3 129.1
130 4 126.6
130 5 108.1
130 6 42.266666
130 7 63.5
130 9 50.6
130 10 55.989353
130 11 131.58476
130 12 139.26715
130 13 63.354546
130 14 74.48111
130 15 70.8
130 18 58.137547
130 21 55.466667
130 23 56.175
131 0 53.8
131 2 47.0
131 3 40.8
131 4 48.6
131 5 132.0
131 6 133.3
131 7 120.1
131 8 111.3
131 9 144.0
131 10 146.9
131 12 86.2
131 13 33.7
131 14 64.2
131 15 127.5
131 16 131.6
131 19 55.9
132 0 54.875
132 2 50.31692
132 3 36.8
132 4 48.7
132 5 132.0
132 6 134.82
132 7 124.6
132 8 111.3
132 9 144.0
132 10 146.9
132 12 86.2
132 13 27.5
132 14 66.0
132 15 122.5
132 16 131.6
132 18 170.7
132 20 21.6
132 22 55.9
132 23 169.95659
132 25 23.521048
133 0 147.13
133 1 147.402
133 2 106.026
133 3 126.92571
133 4 136.3
133 5 105.503334
133 6 44.0
133 7 62.9
133 9 61.6
133 10 53.4
133 11 44.0
133 12 30.17
133 13 69.15458
133 14 123.65714
133 15 132.1
133 17 170.11052
133 19 21.123077
133 21 101.554
134 0 54.875
134 2 50.31692
134 3 35.5
134 4 40.766666
134 5 127.433334
134 6 134.82
134 7 124.6
134 8 115.40336
134 9 144.24902
134 10 147.18294
134 12 90.92857
134 13 37.8
134 14 66.0
134 15 30.971807
134 16 35.152916
134 19 40.7
135 0 54.875
135 2 50.31692
135 3 36.8
135 4 48.7
135 5 132.0
135 6 134.82
135 7 124.6
135 8 111.3
135 9 144.0
135 10 146.9
135 12 86.2
135 13 27.5
135 14 63.4
135 15 122.5
135 16 131.6
135 18 171.9
135 20 43.9
135 21 64.0
135 22 22.6
135 25 55.9
135 26 40.7
136 0 147.6
136 1 147.6
136 2 110.63333
136 3 137.38461
136 4 126.5
136 5 109.4
136 6 43.8
136 7 67.3
136 9 101.307144
136 11 54.04791
136 12 31.7
136 13 114.9
136 14 139.6
136 15 66.4
136 17 56.7
136 18 27.9
136 19 43.8
136 21 56.033333
136 23 56.175
137 0 148.7
137 1 146.93333
137 2 106.84041
137 3 126.92571
137 4 136.3
137 5 105.503334
137 6 44.0
137 7 62.9
137 9 61.6
137 10 53.4
137 11 44.0
137 12 30.17
137 13 71.88571
137 14 123.65714
137 15 132.1
137 17 55.985714
137 19 55.466667
137 21 55.84
138 0 148.7
138 1 148.24287
138 2 108.31571
138 3 127.8
138 4 141.6104
138 5 105.503334
138 6 48.43292
138 7 90.85
138 9 65.13448
138 10 58.99652
138 12 61.049763
138 13 126.0
138 14 133.58563
138 15 121.36
138 16 144.02661
138 17 42.635925
138 19 56.00375
138 21 55.84
139 0 148.99968
139 1 145.9012
139 2 115.7
139 3 127.8
139 4 141.6104
139 5 105.503334
139 6 51.7
139 7 90.85
139 9 65.13448
139 10 58.99652
139 12 64.434814
139 13 30.258303
139 14 20.2
139 15 128.0
139 16 144.02661
139 17 42.635925
139 20 168.67078
139 22 20.479334
140 0 148.15
140 1 145.40164
140 2 115.7
140 3 127.8
140 4 141.6104
140 5 106.15
140 6 51.7
140 7 90.85
140 9 65.13448
140 10 58.99652
140 12 64.434814
140 13 30.258303
140 14 20.2
140 15 128.0
140 16 144.02661
140 17 42.635925
141 0 148.7
141 1 148.24287
141 2 108.8
141 3 135.5625
141 4 141.6104
141 5 105.503334
141 6 44.0
141 7 62.342857
141 9 78.1
141 11 49.908134
141 12 44.0
141 13 30.4
141 14 71.88571
141 15 124.3
141 16 132.1
141 18 55.985714
141 20 56.00375
141 22 55.84
142 0 146.8452
142 1 147.2307
142 2 109.86667
142 3 128.00789
142 4 137.76666
142 5 109.93
142 6 40.8
142 7 73.804344
142 9 163.9
142 11 77.7
142 12 33.20084
142 13 32.8
142 14 60.033333
142 16 55.68
142 17 25.8
142 18 42.635925
142 20 173.8
142 22 27.6
142 23 9.2
142 25 101.18291
143 0 148.0
143 1 137.4
143 2 140.4
143 3 118.3
143 4 141.6104
143 5 105.503334
143 6 44.0
143 7 62.9
143 9 55.8
143 10 53.4
143 11 44.0
143 12 32.5
143 13 64.0
143 14 127.5
143 15 132.1
143 18 60.997326
143 20 100.2
144 0 124.07
144 1 122.81
144 2 127.72
144 3 130.12
144 4 116.2
144 5 119.33
144 6 131.17
144 7 121.4
144 8 157.03
144 11 111.09
144 12 123.45
144 13 109.7
144 14 151.6
144 15 148.0
144 16 109.89302
144 18 56.6
145 0 124.07
145 1 122.81
145 2 127.72
145 3 130.12
145 4 116.2
145 5 119.33
145 6 131.17
145 7 121.4
145 8 157.03
145 11 111.09
145 12 123.45
145 13 106.85833
145 14 152.0
145 15 145.9012
145 16 108.6
145 19 56.4
146 0 124.07
146 1 122.81
146 2 127.72
146 3 130.12
146 4 116.2
146 5 119.33
146 6 131.17
146 7 121.4
146 8 157.03
146 11 111.09
146 12 123.45
146 13 106.85833
146 14 148.24287
146 15 150.18
146 16 109.89302
146 18 56.05
146 20 56.00375
147 0 150.9
147 1 147.68916
147 2 106.84041
147 3 129.1
147 4 126.6
147 5 114.7325
147 6 41.2
147 7 60.6
147 9 56.8
147 10 53.4
147 11 28.2
147 12 143.6
147 13 132.44772
147 14 68.14333
147 15 70.8
147 19 56.099854
148 0 67.01667
148 1 132.44772
148 2 143.6
148 3 60.6
148 4 42.266666
148 5 78.34182
148 7 104.54519
148 9 77.709915
148 10 70.60345
148 12 77.484474
148 14 74.17364
148 16 61.1
148 18 126.6
148 19 129.1
148 20 56.8
148 22 53.4
148 23 28.2
148 24 106.84041
148 25 147.68916
148 26 150.9
148 27 114.7325
148 30 56.099854
149 0 54.875
149 2 50.31692
149 3 36.8
149 4 48.7
149 5 132.0
149 6 134.82
149 7 124.6
149 8 115.40336
149 9 144.24902
149 10 147.18294
149 12 86.2
149 13 33.7
149 14 64.2
149 15 127.5
149 16 131.6
149 19 40.7
150 0 145.65
150 1 148.2
150 2 113.6
150 3 128.45
150 4 126.6
150 5 109.93
150 6 42.266666
150 7 60.6
150 9 56.8
150 10 53.4
150 11 28.2
150 12 143.6
150 13 132.44772
150 14 68.14333
150 15 73.804344
150 17 169.84
150 19 21.012424
150 23 56.1
151 0 146.3
151 1 146.3
151 2 103.7
151 3 127.8
151 4 125.4
151 5 109.1
151 6 50.1
151 7 101.7
151 9 65.0
151 10 61.7
151 12 69.9
151 13 26.6
151 14 72.4
151 15 128.4
151 16 130.5
151 18 55.985714
151 19 41.9
151 22 101.6
152 0 146.8452
152 1 147.38919
152 2 106.84041
152 3 128.45
152 4 137.76666
152 5 109.93
152 6 40.8
152 7 52.6
152 9 57.575
152 10 56.65
152 11 31.175
152 12 32.8
152 13 33.20084
152 14 69.6
152 15 70.8
152 19 101.3
153 0 148.0
153 1 137.4
153 2 140.4
153 3 118.3
153 4 141.6104
153 5 105.503334
153 6 48.43292
153 7 64.434814
153 9 57.1
153 10 52.235455
153 11 38.615456
153 12 35.504505
153 13 72.6478
153 14 52.633335
153 15 61.24286
153 18 56.7
153 20 60.997326
153 22 100.2
154 0 146.8452
154 1 147.38919
154 2 106.84041
154 3 129.1
154 4 126.6
154 5 109.93
154 6 42.266666
154 7 63.5
154 9 50.6
154 10 55.989353
154 11 131.58476
154 12 139.26715
154 13 70.917145
154 14 74.48111
154 15 74.82727
154 18 58.137547
154 21 101.3
155 0 147.13
155 1 146.3
155 2 103.7
155 3 127.8
155 4 141.6104
155 5 105.503334
155 6 48.43292
155 7 107.2528
155 9 65.0
155 10 61.3
155 12 64.434814
155 13 35.932434
155 14 77.45
155 15 26.77
155 16 35.152916
155 18 56.18261
155 19 41.9
155 21 50.626667
155 23 101.6
156 0 147.13
156 1 150.0
156 2 109.55
156 3 125.775
156 4 141.6104
156 5 105.503334
156 6 48.43292
156 7 82.53813
156 8 51.032257
156 9 195.92662
156 11 53.771427
156 13 66.55
156 14 35.932434
156 15 71.88571
156 16 124.3
156 17 144.02661
156 19 56.5
156 22 101.18291
157 0 147.13
157 1 147.402
157 2 106.026
157 3 126.92571
157 4 136.3
157 5 105.503334
157 6 44.0
157 7 62.9
157 9 61.6
157 10 53.4
157 11 44.0
157 12 32.5
157 13 64.0
157 14 127.5
157 15 132.1
157 18 101.554
158 0 68.14333
158 1 128.65352
158 2 143.6
158 3 60.6
158 4 42.266666
158 5 74.07166
158 7 59.366665
158 8 126.6
158 9 129.1
158 10 56.8
158 12 53.4
158 13 28.2
158 14 110.8
158 15 147.5
158 16 147.5
158 17 108.1
158 19 56.175
158 21 55.466667
159 0 40.514294
159 1 175.38899
159 4 52.08992
159 5 35.892
159 6 26.7
159 7 22.8
159 8 40.54286
159 9 61.198433
159 11 49.48456
159 12 30.006521
159 13 68.15
159 15 158.6
159 16 118.13
159 17 199.79
159 19 104.5
159 20 153.1
159 21 127.3
159 22 113.8
159 24 55.775
159 25 51.1
159 26 70.57143
159 27 21.0
160 0 146.88
160 1 147.402
160 2 106.026
160 3 126.92571
160 4 131.58
160 5 102.49
160 6 48.43292
160 7 62.342857
160 9 50.6
160 10 52.235455
160 11 38.615456
160 12 35.504505
160 13 69.6
160 14 58.0
160 15 61.24286
160 19 101.554
161 0 148.42976
161 1 110.3
161 2 125.42927
161 3 135.42876
161 4 130.15794
161 5 147.07632
161 7 75.81781
161 9 63.844444
161 10 28.5
161 11 48.45
161 12 48.45
161 13 31.138
161 14 127.275
161 15 131.1
161 16 116.7
161 17 158.3
161 18 116.7
161 19 131.1
161 22 56.103405
162 0 147.152
162 1 147.6
162 2 109.2
162 3 133.1
162 4 137.31017
162 5 109.89302
162 6 116.2
162 7 119.33
162 8 124.07
162 9 122.81
162 10 127.72
162 11 130.12
162 13 129.26666
162 14 105.35
162 15 32.88706
162 16 62.95
162 19 101.25
163 0 147.13
163 1 148.84
163 2 106.85833
163 3 127.164
163 4 141.6104
163 5 105.503334
163 6 44.4
163 7 66.0
163 9 160.8
163 11 44.4
163 12 34.0
163 13 130.7
163 14 130.9
163 15 115.828575
163 16 156.05571
163 17 115.828575
163 18 130.9
163 20 172.3
163 23 61.6
163 24 30.4
163 25 71.2
163 26 124.3
163 27 136.5
163 29 55.985714
163 30 27.7
163 32 101.18291
164 0 128.7
164 1 120.2
164 2 121.6
164 3 121.2
164 4 140.4
164 5 111.7
164 7 131.2
164 8 130.3
164 9 113.7
164 10 138.8
164 12 134.9
164 13 45.9
164 14 154.4
164 15 110.8
164 16 109.5
164 17 154.5
164 19 13.595625
165 0 145.1
165 1 144.2
165 2 113.0
165 3 125.4
165 4 136.3
165 5 104.9
165 6 44.0
165 7 62.9
165 9 61.6
165 10 53.4
165 11 44.0
165 12 32.5
165 13 64.0
165 14 127.5
165 15 132.1
165 19 56.1
166 0 31.464912
166 1 66.0
166 2 37.8
166 3 90.92857
166 4 40.766666
166 5 35.152916
166 6 127.433334
166 7 146.2
166 9 144.0
166 10 111.3
166 11 120.1
166 12 133.3
166 13 53.8
166 15 47.0
166 16 37.7
166 18 55.9
167 0 131.08624
167 1 141.6104
167 2 105.503334
167 3 147.13
167 4 147.38919
167 5 106.84041
167 7 101.554
167 9 40.514294
167 10 173.71
167 13 52.891228
167 14 49.186882
167 15 34.045162
167 16 131.25714
167 17 130.42857
167 18 115.828575
167 19 156.05571
167 20 115.828575
167 21 130.42857
167 23 64.524124
167 24 30.17
167 25 71.88571
167 26 123.65714
167 27 144.02661
167 29 55.985714
167 31 37.214714
167 32 161.61568
168 0 51.7
168 1 81.3
168 2 63.9
168 4 61.8
168 5 127.1
168 6 104.5
168 7 147.9
168 8 148.4
168 9 108.1
168 10 137.7
168 12 101.554
168 14 67.7
168 15 32.5
168 16 64.0
168 17 127.5
168 18 137.4
169 0 147.68916
169 1 145.9012
169 2 112.341934
169 3 128.00789
169 4 146.37143
169 5 111.36888
169 6 75.23964
169 7 85.7
169 9 163.9
169 11 80.3042
169 12 61.8
169 13 70.9
169 14 61.049763
169 16 49.908134
169 17 35.466667
169 18 42.635925
169 21 60.19788
169 25 56.099854
170 0 148.24287
170 1 148.24287
170 2 109.86667
170 3 128.00789
170 4 146.37143
170 5 111.36888
170 6 75.23964
170 7 85.7
170 9 163.9
170 11 80.3042
170 12 61.8
170 13 70.9
170 14 61.049763
170 16 49.908134
170 17 35.466667
170 18 42.635925
170 21 60.19788
170 24 56.00375
170 26 56.00375
171 0 146.3
171 1 147.13
171 2 105.503334
171 3 141.6104
171 4 127.8
171 5 103.7
171 6 65.13448
171 8 89.66
171 9 48.43292
171 10 144.02661
171 11 127.5
171 12 64.94348
171 13 38.575
171 15 38.615456
171 16 49.908134
171 18 35.95
171 20 101.6
172 0 146.3
172 1 147.13
172 2 105.503334
172 3 141.6104
172 4 127.8
172 5 103.7
172 6 65.13448
172 8 89.66
172 9 48.43292
172 10 144.02661
172 11 127.5
172 12 65.28333
172 13 38.575
172 15 38.615456
172 16 49.908134
172 18 35.95
172 20 101.6
173 0 146.3
173 1 146.3
173 2 109.1
173 3 125.4
173 4 127.8
173 5 103.7
173 6 65.0
173 8 101.7
173 9 50.1
173 10 69.9
173 11 30.4
173 12 69.15458
173 13 124.3
173 14 130.5
173 16 171.9
173 18 43.9
173 19 64.0
173 21 22.6
173 23 61.7
173 24 41.9
173 27 101.6
174 0 147.2307
174 1 147.13
174 2 105.503334
174 3 141.6104
174 4 128.00789
174 5 109.86667
174 6 163.9
174 9 90.85
174 10 51.7
174 11 62.342857
174 12 32.5
174 13 64.0
174 14 127.5
174 15 137.4
174 18 57.10606
174 19 42.635925
174 21 101.18291
175 0 145.65
175 1 145.9012
175 2 112.341934
175 3 128.00789
175 4 137.76666
175 5 109.93
175 6 42.266666
175 7 78.34182
175 9 163.9
175 11 66.82667
175 12 114.7
175 13 143.6
175 14 66.4
175 16 56.7
175 17 28.05
175 18 43.8
175 20 52.1
175 23 56.1
176 0 145.65
176 1 145.9012
176 2 112.341934
176 3 128.00789
176 4 137.76666
176 5 109.93
176 6 40.8
176 7 74.07166
176 9 163.9
176 11 80.3042
176 12 61.185715
176 13 70.9
176 14 61.049763
176 16 49.908134
176 17 35.466667
176 18 42.635925
176 21 60.19788
176 24 56.1
177 0 147.625
177 1 148.24287
177 2 109.86667
177 3 128.00789
177 4 137.76666
177 5 109.93
177 6 40.8
177 7 74.07166
177 9 163.9
177 11 80.3042
177 12 61.185715
177 13 70.9
177 14 61.049763
177 16 49.908134
177 17 35.466667
177 18 42.635925
177 21 60.19788
177 23 56.00375
177 25 56.175
178 0 146.3
178 1 147.13
178 2 105.503334
178 3 141.6104
178 4 127.8
178 5 103.7
178 6 65.13448
178 8 89.66
178 9 48.43292
178 10 144.02661
178 11 121.36
178 12 133.58563
178 13 143.76
178 14 38.615456
178 15 49.908134
178 17 35.95
178 19 101.6
179 0 146.3
179 1 146.3
179 2 103.7
179 3 127.8
179 4 125.4
179 5 109.1
179 6 50.1
179 7 101.7
179 9 65.0
179 10 61.7
179 12 69.9
179 13 32.5
179 14 64.0
179 15 127.5
179 16 130.5
179 18 41.9
179 21 101.6
180 0 147.13
180 1 147.2307
180 2 110.5
180 3 130.3
180 4 141.6104
180 5 105.503334
180 6 48.43292
180 7 62.59875
180 9 159.6
180 10 172.3
180 13 62.342857
180 14 30.4
180 15 71.88571
180 16 124.3
180 17 144.02661
180 19 56.5
180 20 31.518322
180 22 101.18291
181 0 26.333334
181 1 114.9
181 2 139.6
181 3 60.6
181 4 43.8
181 5 75.766304
181 7 170.4568
181 9 21.194042
181 10 126.6
181 11 129.1
181 12 56.8
181 14 53.4
181 15 28.05
181 16 110.8
181 17 148.24287
181 18 145.6
181 19 109.93
181 21 168.85
181 23 20.566668
181 25 56.00375
182 0 74.07166
182 1 40.8
182 2 60.033333
182 3 32.8
182 4 34.69875
182 5 77.7
182 7 170.1
182 9 21.1
182 10 25.8
182 11 56.65
182 13 57.575
182 14 128.45
182 15 137.76666
182 16 109.93
182 17 146.8452
182 18 147.38919
182 19 106.84041
182 21 101.3
182 24 169.9
182 26 20.7
183 0 150.9
183 1 147.68916
183 2 106.84041
183 3 129.1
183 4 126.6
183 5 114.7325
183 6 42.266666
183 7 60.6
183 9 56.8
183 10 53.4
183 11 28.05
183 12 139.6
183 13 114.9
183 14 34.7
183 15 68.91296
183 18 56.099854
184 1 87.2
184 2 55.902767
184 3 127.433334
184 4 138.50621
184 5 33.766666
184 6 50.31692
184 7 125.42927
184 8 111.24286
184 9 144.0
184 10 146.2
184 12 86.025
184 13 38.273685
184 14 64.2
184 15 127.5
184 16 144.02661
184 19 55.9
184 21 37.15
185 0 126.5
185 1 120.8
185 2 127.2
185 3 124.5
185 4 137.8
185 5 109.4
185 7 131.5
185 8 116.9
185 9 120.3
185 10 133.8
185 11 115.8
185 12 127.41428
185 14 133.72874
185 15 123.329384
185 16 121.764824
185 17 121.8
185 18 111.653336
185 19 151.68472
185 21 94.2
185 23 82.0
185 24 28.7
185 25 55.9
185 26 81.4
185 28 62.2
185 30 31.3
185 31 28.8
185 32 46.9
185 34 175.1
186 0 148.0
186 1 137.4
186 2 140.4
186 3 118.3
186 4 141.6104
186 5 105.503334
186 6 51.7
186 7 67.7
186 9 55.8
186 10 59.96
186 11 90.85
186 13 170.18225
186 15 21.08147
186 16 30.17
186 17 71.88571
186 18 123.65714
186 19 137.4
186 21 55.985714
186 23 60.997326
186 25 100.2
187 0 59.96
187 1 90.85
187 2 51.7
187 3 137.7
187 4 127.1
187 5 104.5
187 6 147.9
187 7 148.4
187 8 108.1
187 10 101.554
187 12 61.8
187 14 67.7
187 15 30.4
187 16 71.88571
187 17 124.3
187 18 137.4
187 20 55.985714
187 22 170.18225
187 24 21.08147
188 0 148.0
188 1 137.4
188 2 140.4
188 3 118.3
188 4 141.6104
188 5 105.503334
188 6 48.43292
188 7 64.434814
188 9 57.1
188 10 52.235455
188 11 38.615456
188 12 30.258303
188 13 28.96684
188 14 72.6478
188 15 75.994736
188 18 171.06682
188 20 21.210455
188 22 60.997326
188 24 100.2
189 0 74.07166
189 1 40.8
189 2 67.0
189 3 71.675
189 4 72.72775
189 5 73.34286
189 10 160.70601
189 12 112.9
189 13 137.76666
189 14 109.93
189 15 146.87032
189 16 135.68533
189 17 147.07632
189 20 101.35407
189 23 171.34262
189 25 43.9
189 26 64.0
189 27 22.6
190 0 74.07166
190 32 77.709915
190 1 40.8
190 2 67.0
190 34 61.1
190 3 71.675
190 4 72.72775
190 5 73.34286
190 39 20.97424
190 10 160.70601
190 12 112.9
190 13 137.76666
190 14 109.93
190 15 146.87032
190 16 135.68533
190 17 147.07632
190 20 101.35407
190 23 171.34262
190 25 40.154903
190 26 67.2
190 28 103.35
190 29 75.1
190 30 76.316414
190 31 72.44
191 0 145.65
191 1 148.2
191 2 113.6
191 3 128.45
191 4 126.6
191 5 109.93
191 6 43.8
191 7 60.6
191 9 56.8
191 10 53.4
191 11 28.05
191 12 139.6
191 13 114.9
191 14 26.333334
191 15 78.880165
191 17 170.4568
191 19 21.194042
191 22 56.1
192 0 147.13
192 1 147.2307
192 2 109.86667
192 3 128.00789
192 4 141.6104
192 5 105.503334
192 6 51.7
192 7 90.85
192 9 163.9
192 11 57.10606
192 13 64.434814
192 14 30.4
192 15 71.88571
192 16 124.3
192 17 137.4
192 19 55.985714
192 20 42.635925
192 22 101.18291
193 0 146.3
193 1 146.3
193 2 103.7
193 3 127.8
193 4 125.4
193 5 109.1
193 6 50.1
193 7 101.7
193 9 65.0
193 10 61.7
193 12 69.9
193 13 32.5
193 14 64.0
193 15 127.5
193 16 130.5
193 18 41.9
193 21 101.6
194 0 146.88
194 1 147.402
194 2 106.026
194 3 126.92571
194 4 131.58
194 5 102.49
194 6 48.43292
194 7 64.434814
194 9 50.6
194 10 52.235455
194 11 38.615456
194 12 30.258303
194 13 28.96684
194 14 69.6
194 15 75.994736
194 19 101.554
195 0 148.0
195 1 136.0132
195 2 145.21977
195 3 116.2
195 4 141.6104
195 5 105.503334
195 6 44.0
195 7 64.434814
195 9 78.1
195 11 49.908134
195 12 44.0
195 13 32.5
195 14 64.0
195 15 127.5
195 16 132.1
195 19 60.997326
195 21 100.96
196 0 148.0
196 1 136.0132
196 2 145.21977
196 3 116.2
196 4 141.6104
196 5 105.503334
196 6 48.43292
196 7 64.434814
196 9 78.1
196 11 49.908134
196 12 38.615456
196 13 35.504505
196 14 72.6478
196 15 52.633335
196 16 61.24286
196 19 56.7
196 21 60.997326
196 23 100.96
197 0 147.13
197 1 147.2307
197 2 110.63333
197 3 137.38461
197 4 141.6104
197 5 105.503334
197 6 51.7
197 7 90.85
197 9 101.307144
197 11 61.0075
197 12 15.17
197 13 58.99652
197 15 62.342857
197 16 30.17
197 17 71.2
197 18 123.65714
197 19 137.4
197 21 55.985714
197 22 42.635925
197 24 101.354576
198 0 145.65
198 1 148.2
198 2 113.6
198 3 128.45
198 4 126.6
198 5 109.93
198 6 42.266666
198 7 60.6
198 9 56.8
198 10 53.4
198 11 28.05
198 12 139.6
198 13 114.9
198 14 34.7
198 15 68.91296
198 19 56.1
199 0 150.9
199 1 147.68916
199 2 109.86667
199 3 128.00789
199 4 137.76666
199 5 114.7325
199 6 43.8
199 7 78.880165
199 9 163.9
199 11 26.333334
199 12 114.9
199 13 139.6
199 14 66.4
199 16 56.7
199 17 27.9
199 18 43.8
199 20 56.099854
200 0 90.85
200 1 59.96
200 3 64.434814
200 4 51.7
200 5 144.02661
200 6 131.5
200 7 72.776
200 8 36.077724
200 10 137.7
200 11 127.1
200 12 61.8
200 13 104.5
200 14 147.9
200 15 148.4
200 16 108.1
200 18 101.554
201 0 67.7
201 2 55.8
201 3 118.3
201 4 140.4
201 5 137.4
201 6 148.0
201 7 105.503334
201 8 141.6104
201 9 51.7
201 10 137.4
201 11 124.3
201 12 71.88571
201 13 30.4
201 15 56.5
201 16 81.3
201 17 63.9
201 20 100.2
201 23 60.997326
202 0 147.13
202 1 147.402
202 2 106.026
202 3 126.92571
202 4 141.6104
202 5 105.503334
202 6 40.514294
202 7 65.57714
202 9 52.891228
202 10 81.11515
202 12 105.1944
202 14 71.88781
202 15 203.91429
202 17 23.5
202 18 30.17
202 19 71.88571
202 20 124.3
202 21 144.02661
202 23 55.985714
202 25 101.554
203 0 62.9
203 2 55.8
203 3 118.3
203 4 140.4
203 5 137.4
203 6 148.0
203 7 105.503334
203 8 141.6104
203 9 44.0
203 10 132.1
203 11 123.65714
203 12 71.2
203 13 30.17
203 15 55.985714
203 16 44.0
203 17 53.4
203 19 100.2
203 22 60.997326
204 0 137.15384
204 1 134.82
204 2 54.875
204 4 49.703358
204 5 29.184938
204 6 57.221428
204 7 212.59885
204 9 44.974117
204 10 76.39748
204 11 73.1
204 12 171.28027
204 16 100.9
204 17 78.818504
204 18 80.3042
204 19 76.67
204 20 76.28571
204 22 61.49
204 25 60.39
204 27 94.55
204 29 94.55
204 31 106.84041
204 32 147.38919
204 33 146.51183
204 34 111.41421
204 36 101.3
205 0 137.15384
205 1 134.82
205 2 54.875
205 4 49.703358
205 5 29.184938
205 6 57.221428
205 7 212.59885
205 9 44.974117
205 10 76.39748
205 11 73.1
205 12 171.28027
205 16 101.318184
205 17 79.62091
205 18 73.84923
205 19 76.67
205 20 76.0
205 22 61.49
205 25 60.39
205 27 59.53
205 29 60.7
205 30 106.84041
205 31 147.38919
205 32 146.51183
205 33 111.41421
205 35 101.3
206 0 125.4
206 1 127.8
206 2 103.7
206 3 146.3
206 4 146.3
206 5 109.1
206 7 101.6
206 9 65.0
206 11 101.7
206 12 50.1
206 13 69.9
206 14 26.6
206 15 72.4
206 16 128.4
206 17 130.5
206 19 55.985714
206 21 61.7
206 22 41.9
207 0 75.90238
207 3 52.891228
207 4 126.92571
207 5 106.84041
207 6 146.93333
207 7 148.7
207 8 105.503334
207 9 141.6104
207 10 39.6
207 11 62.342857
207 12 35.932434
207 13 67.86
207 14 26.77
207 15 35.152916
207 17 171.08133
207 19 22.340666
207 20 39.62857
207 22 55.84
207 24 55.466667
208 0 39.62857
208 1 75.90238
208 3 52.891228
208 4 126.92571
208 5 106.026
208 6 147.402
208 7 147.13
208 8 105.503334
208 9 141.6104
208 10 39.6
208 11 62.342857
208 12 35.932434
208 13 67.86
208 14 26.77
208 15 35.152916
208 17 171.08133
208 19 22.340666
208 21 101.554
209 0 44.0
209 1 53.4
209 3 61.6
209 4 126.92571
209 5 106.026
209 6 147.402
209 7 147.13
209 8 105.503334
209 9 136.3
209 10 44.0
209 11 62.9
209 12 30.17
209 13 71.88571
209 14 123.65714
209 15 132.1
209 17 55.985714
209 19 101.554
210 0 44.0
210 1 53.4
210 3 61.6
210 4 126.92571
210 5 106.026
210 6 147.402
210 7 147.13
210 8 105.503334
210 9 136.3
210 10 44.0
210 11 62.9
210 12 32.5
210 13 64.0
210 14 127.5
210 15 132.1
210 18 101.554
211 0 111.36888
211 1 148.24287
211 2 148.24287
211 3 109.86667
211 4 127.79905
211 5 148.8
211 6 84.920555
211 8 170.5
211 10 76.4
211 11 75.377144
211 12 61.087143
211 13 70.9
211 14 61.049763
211 16 49.908134
211 17 35.466667
211 18 42.635925
211 21 59.1
211 24 56.00375
211 26 56.00375
212 0 128.9
212 1 117.9
212 2 129.8
212 3 127.2
212 4 146.5
212 5 110.7
212 7 30.7
212 8 130.9
212 9 133.8
212 10 109.7
212 11 147.6
212 12 147.4
212 13 110.2
212 15 101.25
212 17 63.5
213 0 145.1
213 1 144.2
213 2 113.0
213 3 125.4
213 4 136.3
213 5 104.9
213 6 44.0
213 7 62.9
213 9 61.6
213 10 53.4
213 11 44.0
213 12 32.5
213 13 64.0
213 14 127.5
213 15 132.1
213 19 56.1
214 0 137.76666
214 1 128.00789
214 2 163.9
214 5 78.880165
214 6 43.8
214 7 66.4
214 8 139.6
214 9 114.9
214 10 26.333334
214 11 27.9
214 12 56.7
214 14 43.8
214 15 109.86667
214 16 147.2307
214 17 146.8452
214 18 109.93
214 20 101.18291
215 0 147.6
215 1 147.2307
215 2 115.825
215 3 121.253334
215 4 141.36842
215 5 108.3
215 6 40.696064
215 7 -1.0
215 9 165.285
215 10 53.345
215 11 28.3
215 12 139.26715
215 13 132.44772
215 14 67.4
215 15 34.69875
215 18 55.254704
215 20 101.18291
216 0 70.0
216 1 147.5
216 2 114.7
216 3 35.5
216 4 72.3
216 5 75.5
216 8 45.885715
216 9 138.94016
216 10 123.14286
216 11 52.891228
216 13 56.9
216 14 142.8
216 15 145.4
216 16 107.3
216 17 120.1
216 19 101.1
217 0 48.7
217 1 86.2
217 3 146.9
217 4 132.0
217 5 134.82
217 6 124.6
217 7 111.3
217 8 144.0
217 10 55.9
217 11 54.875
217 13 50.31692
217 14 36.8
217 15 161.61568
217 17 34.9
217 18 64.2
217 19 127.5
217 20 131.6
218 0 130.8
218 1 132.4
218 2 108.7
218 3 147.6
218 4 147.0
218 5 110.0
218 7 101.25
218 9 62.4
218 11 137.2
218 12 140.3
218 13 115.97346
218 14 131.20871
218 15 121.98837
218 16 127.082794
218 18 33.1
218 19 162.5
219 0 137.31017
219 1 127.164
219 2 161.5139
219 5 141.74712
219 6 126.038605
219 7 127.082794
219 8 121.98837
219 9 131.20871
219 10 115.97346
219 11 29.1
219 12 106.85833
219 13 148.84
219 14 147.152
219 15 109.89302
219 17 102.64
220 0 48.6
220 1 86.2
220 3 147.18294
220 4 132.0
220 5 133.3
220 6 124.6
220 7 115.40336
220 8 144.24902
220 10 53.8
220 12 47.0
220 13 40.8
220 14 27.5
220 15 63.4
220 16 122.5
220 17 131.6
220 19 171.9
220 21 43.9
220 22 64.0
220 24 22.6
221 0 138.50621
221 1 127.433334
221 2 146.2
221 3 144.0
221 4 111.24286
221 5 125.42927
221 7 55.9
221 9 86.025
221 10 55.902767
221 11 35.152916
221 12 28.445715
221 13 66.0
221 14 37.8
221 16 55.022274
221 18 47.485
221 19 38.55
222 0 138.50621
222 1 127.433334
222 2 147.18294
222 3 144.24902
222 4 118.5
222 5 125.42927
222 8 90.92857
222 9 55.902767
222 10 144.02661
222 11 127.5
222 12 64.2
222 13 33.7
222 15 55.022274
222 17 47.485
222 18 38.55
223 0 50.31692
223 1 36.8
223 2 48.7
223 3 132.0
223 4 134.82
223 5 54.875
223 7 40.7
223 8 124.6
223 9 111.3
223 10 144.0
223 11 146.9
223 13 86.2
223 14 27.5
223 15 66.0
223 16 122.5
223 17 131.6
223 19 170.7
223 21 21.6
223 23 55.9
224 0 126.5
224 1 129.5
224 2 90.7
224 4 67.3
224 5 43.8
224 6 66.4
224 7 139.6
224 8 114.9
224 9 31.7
224 10 27.9
224 11 56.7
224 13 43.8
224 15 110.63333
224 16 147.2307
224 17 146.8452
224 18 109.93
224 20 101.354576
225 0 126.5
225 1 137.38461
225 2 101.307144
225 4 67.3
225 5 43.8
225 6 66.4
225 7 139.6
225 8 114.9
225 9 31.7
225 10 27.9
225 11 56.7
225 13 43.8
225 15 55.1
225 16 110.63333
225 17 147.2307
225 18 146.8452
225 19 109.93
225 21 101.354576
226 0 148.7
226 1 146.93333
226 2 106.84041
226 3 126.92571
226 4 136.3
226 5 105.503334
226 6 44.0
226 7 62.342857
226 9 61.6
226 10 53.4
226 11 44.0
226 12 46.13222
226 13 193.4065
226 15 126.0
226 16 144.02661
226 18 55.466667
226 20 55.84
227 0 60.5
227 1 153.6
227 2 132.44772
227 3 68.14333
227 4 68.2
227 5 32.7
227 8 45.5
227 9 124.2
227 10 132.1
227 11 58.3
227 13 56.9
227 14 106.8
227 15 147.15715
227 16 146.4
227 17 106.3
227 19 101.3
228 0 50.31692
228 1 35.5
228 2 40.766666
228 3 127.433334
228 4 134.82
228 5 54.875
228 7 40.7
228 8 124.6
228 9 111.3
228 10 144.0
228 11 146.2
228 13 90.92857
228 14 35.4
228 15 71.727745
228 16 28.546608
228 17 35.152916
228 19 171.34262
228 21 43.9
228 22 64.0
228 23 22.6
228 26 55.9
229 0 147.152
229 1 148.84
229 2 106.85833
229 3 127.164
229 4 137.31017
229 5 109.89302
229 6 126.038605
229 7 141.74712
229 9 161.5139
229 11 47.6
229 12 24.4
229 13 31.3
229 14 174.3
229 17 51.6
229 18 115.97346
229 19 131.20871
229 20 121.98837
229 21 127.082794
229 23 102.64
230 0 147.2
230 1 147.13
230 2 105.503334
230 3 141.6104
230 4 136.94122
230 5 108.31571
230 6 63.037716
230 8 51.7
230 9 62.342857
230 10 30.4
230 11 71.88571
230 12 124.3
230 13 137.4
230 15 55.985714
230 17 58.99652
230 18 81.3
230 20 42.635925
230 22 101.6
231 0 129.43
231 1 122.74
231 2 151.7
231 4 143.61
231 5 123.9
231 6 122.92
231 7 126.53
231 8 127.9
231 9 129.37
231 10 105.22
231 11 147.99
231 12 151.34
231 13 100.23
231 15 102.16
232 0 124.89375
232 1 127.862946
232 2 131.65045
232 3 118.86818
232 4 127.52256
232 5 124.47119
232 6 129.17363
232 7 127.52256
232 8 144.2625
232 10 58.5
232 11 24.6875
232 12 104.856285
232 13 150.94228
232 14 149.6
232 15 101.815
232 17 55.970627
232 19 55.970627
233 0 131.58
233 1 126.92571
233 2 50.6
233 4 64.434814
233 5 48.43292
233 6 62.393333
233 7 53.9
233 8 29.094156
233 9 30.25023
233 11 38.615456
233 12 52.235455
233 13 106.84041
233 14 146.93333
233 15 148.7
233 16 105.503334
233 18 55.84
233 20 55.466667
234 0 131.58
234 1 48.804176
234 3 48.57
234 4 34.488
234 5 133.4109
234 6 127.18
234 7 114.0
234 8 157.0
234 9 114.0
234 10 127.18
234 12 56.57
234 13 120.35
234 14 111.6
234 15 147.6
234 16 148.5
234 17 111.8
234 19 55.5
234 21 55.6
235 0 148.0
235 1 136.0132
235 2 145.21977
235 3 116.2
235 4 141.6104
235 5 105.503334
235 6 39.6
235 7 64.434814
235 9 88.791664
235 11 52.5
235 12 49.908134
235 13 38.615456
235 14 35.504505
235 15 77.45
235 16 29.247368
235 17 35.152916
235 19 56.18261
235 21 60.997326
235 23 100.96
236 0 141.6104
236 1 137.38461
236 2 101.25773
236 4 77.83659
236 5 48.43292
236 6 66.55
236 7 30.258303
236 8 28.96684
236 9 71.7
236 12 45.08914
236 13 38.615456
236 14 110.63333
236 15 147.2307
236 16 147.13
236 17 105.503334
236 19 101.354576
237 0 132.0
237 1 129.8
237 2 115.828575
237 3 156.05571
237 4 115.828575
237 5 129.8
237 7 33.8
237 8 56.8
237 10 66.0
237 11 44.4
237 12 130.5
237 13 129.1
237 14 50.5
237 15 106.0
237 16 146.8
237 17 146.9
237 18 108.4
237 20 101.554
237 22 61.6
237 23 30.4
237 24 71.2
237 25 124.3
237 26 136.5
237 28 55.985714
237 30 172.3
237 32 27.7
238 0 147.2
238 1 147.13
238 2 105.503334
238 3 141.6104
238 4 136.94122
238 5 108.31571
238 6 63.037716
238 8 51.7
238 9 81.3
238 10 57.10606
238 12 64.434814
238 13 30.4
238 14 71.88571
238 15 124.3
238 16 137.4
238 18 55.985714
238 19 42.635925
238 22 101.6
239 0 60.033333
239 1 40.8
239 2 70.5
239 3 70.24737
239 4 34.69875
239 5 32.8
239 6 31.175
239 7 55.68
239 9 42.635925
239 12 163.9
239 14 128.00789
239 15 137.76666
239 16 109.93
239 17 146.8452
239 18 147.2307
239 19 109.86667
239 21 101.18291
240 0 60.033333
240 1 40.8
240 2 78.34182
240 3 77.7
240 4 33.20084
240 5 32.8
240 6 25.8
240 7 55.68
240 9 42.635925
240 11 171.34262
240 13 43.9
240 14 64.0
240 16 22.6
240 18 163.9
240 20 128.00789
240 21 137.76666
240 22 109.93
240 23 146.8452
240 24 147.2307
240 25 109.86667
240 27 101.18291
241 0 133.3
241 1 132.0
241 2 146.9
241 3 144.0
241 4 111.3
241 5 120.1
241 7 55.9
241 9 86.2
241 10 48.6
241 11 40.8
241 12 47.0
241 14 53.8
241 15 131.6
241 16 122.5
241 17 63.4
241 18 27.5
241 20 171.34262
241 22 40.154903
241 23 77.0
241 25 170.18225
241 27 21.08147
241 28 21.133474
242 0 133.3
242 1 132.0
242 2 146.9
242 3 144.0
242 4 111.3
242 5 120.1
242 7 55.9
242 9 86.2
242 10 48.6
242 11 131.6
242 12 122.5
242 13 63.4
242 14 27.5
242 16 171.9
242 18 43.9
242 19 64.0
242 20 22.6
242 22 40.8
242 23 47.0
242 25 53.8
243 0 58.99652
243 1 81.3
243 2 51.7
243 3 141.6104
243 4 135.5625
243 5 108.8
243 6 146.4
243 7 147.13
243 8 105.503334
243 10 101.354576
243 12 84.4
243 14 64.434814
243 15 30.4
243 16 71.88571
243 17 124.3
243 18 137.4
243 20 55.985714
243 22 52.5
244 0 126.3
244 1 130.9
244 2 52.891228
244 4 145.5
244 5 126.038605
244 6 127.082794
244 7 126.59845
244 8 131.9
244 9 129.9
244 10 27.933332
244 11 49.908134
244 12 103.6
244 13 147.0
244 14 147.1
244 15 107.5
244 17 101.1
245 0 147.2307
245 1 147.2307
245 2 109.86667
245 3 128.00789
245 4 140.62857
245 5 111.36888
245 6 76.72554
245 7 85.7
245 9 163.9
245 11 67.01667
245 12 132.44772
245 13 143.9
245 14 61.049763
245 16 56.7
245 17 28.05
245 18 42.635925
245 22 101.18291
246 0 26.308107
246 1 23.813044
246 2 47.1
246 3 48.833332
246 4 45.278946
246 5 34.081818
246 6 52.3
246 7 26.5
246 8 34.613335
246 9 35.0
246 10 36.1
246 11 31.242857
246 12 157.0
246 13 105.7
246 14 34.16
246 15 22.06
246 16 22.06
246 17 19.3
246 18 18.105263
246 19 19.275757
246 20 23.634428
246 21 29.291779
246 22 41.6377
246 23 26.108824
246 24 33.38261
246 25 39.303844
246 26 211.3091
246 28 44.66
246 29 28.5
247 0 60.5
247 1 153.6
247 2 112.7
247 3 79.5
247 4 68.2
247 5 32.7
247 8 55.0
247 9 45.5
247 10 124.2
247 11 132.1
247 12 58.3
247 14 56.9
247 15 106.8
247 16 147.15715
247 17 146.4
247 18 106.3
247 20 101.3
248 0 146.8452
248 1 147.38919
248 2 106.84041
248 3 128.45
248 4 137.76666
248 5 109.93
248 6 40.8
248 7 60.033333
248 9 57.575
248 10 56.65
248 11 25.8
248 12 32.8
248 13 34.69875
248 14 69.76986
248 15 72.36957
248 19 101.3
