
(rdkit3) C:\Users\jmn\Documents\GitHub\KnapsackSearch>"C:\Users\jmn\Documents\jdk1.8.0_202\bin\java.exe" -Xmx1g -classpath predictorc.jar;nmrshiftdb2/lib/cdk-interfaces.jar;nmrshiftdb2/lib/cdk-io.jar;nmrshiftdb2/lib/cdk-core.jar;nmrshiftdb2/lib/cdk-data.jar;nmrshiftdb2/lib/cdk-standard.jar;nmrshiftdb2/lib/cdk-sdg.jar;nmrshiftdb2/lib/cdk-valencycheck.jar;nmrshiftdb2/lib/vecmath1.2-1.14.jar;nmrshiftdb2/lib/jgrapht.jar;nmrshiftdb2/lib/antlr-2.7.2.jar;nmrshiftdb2/lib/cdk-atomtype.jar;nmrshiftdb2/lib/cdk-ioformats.jar;nmrshiftdb2/lib/cdk-legacy.jar;nmrshiftdb2/lib/guava-17.0.jar;nmrshiftdb2/lib/cdk-smiles.jar;nmrshiftdb2/lib/beam-core-0.9.2.jar;nmrshiftdb2/lib/beam-func-0.9.2.jar;. Demo "amaryll_2D_tagged.sdf" "4" "3d" 
Duration: 8404
0 0 147.45
0 1 145.8
0 2 115.15
0 3 121.6
0 4 133.5
0 5 112.05
0 6 39.1
0 7 41.130676
0 8 41.130676
0 9 39.1
0 10 133.5
0 11 121.6
0 12 115.15
0 13 145.8
0 14 147.45
0 15 112.05
0 17 55.974922
0 19 65.52857
0 21 65.52857
0 25 55.974922
1 0 121.24286
1 1 114.41428
1 2 143.98572
1 3 146.62857
1 4 111.27143
1 5 131.95714
1 6 39.9
1 7 137.75
1 8 115.63333
1 10 55.974922
2 0 36.7
2 1 25.3
2 2 124.3
2 3 131.4275
2 4 17.73
2 5 25.82
2 6 30.8
2 7 39.4
2 8 60.7
2 10 19.4
3 0 161.18506
3 1 107.41053
3 2 129.46376
3 3 122.43636
3 4 159.8
3 5 97.790306
3 7 85.0
3 8 41.5
3 9 27.3
3 10 130.7
3 11 128.3
3 12 114.5
3 13 158.95454
3 14 114.5
3 15 128.3
3 17 56.57
4 0 161.18506
4 1 107.41053
4 2 129.46376
4 3 122.43636
4 4 159.8
4 5 97.790306
4 7 85.0
4 8 41.5
4 9 27.3
4 10 130.0
4 11 130.9
4 12 115.7
4 13 158.42667
4 14 115.7
4 15 130.9
5 0 160.3375
5 1 114.14503
5 2 129.46376
5 3 123.598335
5 4 154.4
5 5 112.648575
5 6 8.245714
5 8 79.01428
5 9 29.5
5 10 27.3
5 11 130.8
5 12 118.2
5 13 146.1
5 14 147.1
5 15 112.8
5 16 108.8
5 18 55.55
6 0 160.3375
6 1 114.14503
6 2 129.46376
6 3 123.598335
6 4 154.4
6 5 112.648575
6 6 8.245714
6 8 80.5
6 9 41.5
6 10 27.3
6 11 130.7
6 12 128.4
6 13 115.7
6 14 157.66591
6 15 115.7
6 16 128.4
7 0 161.18506
7 1 107.41053
7 2 129.46376
7 3 122.43636
7 4 159.8
7 5 97.790306
7 7 85.0
7 8 41.5
7 9 27.3
7 10 141.18333
7 11 125.97037
7 12 128.32608
7 13 126.8
7 14 128.32608
7 15 125.97037
8 0 161.18506
8 1 112.25651
8 2 128.17245
8 3 124.4
8 4 164.6
8 5 97.790306
8 7 79.9
8 8 43.273335
8 9 194.1
8 11 130.4
8 12 129.0
8 13 115.77857
8 14 157.66591
8 15 115.77857
8 16 129.0
9 0 115.828575
9 1 130.42857
9 2 131.25714
9 3 130.42857
9 4 115.828575
9 5 156.05571
9 7 34.2
9 8 61.4
9 10 45.4
9 11 45.4
10 0 120.9
10 1 118.8
10 2 111.4
10 3 136.0
10 4 127.7
10 5 120.0
10 6 101.0
10 7 125.0
11 0 147.38919
11 1 106.84041
11 2 129.1
11 3 126.6
11 4 109.93
11 5 146.8452
11 7 101.3
11 9 43.8
11 10 60.6
11 12 56.8
11 13 53.4
11 14 28.05
11 15 139.6
11 16 114.9
11 17 26.333334
11 18 78.880165
11 20 170.4568
11 22 21.194042
12 0 137.4
12 1 140.4
12 2 118.3
12 3 141.6104
12 4 105.503334
12 5 148.0
12 7 100.2
12 9 48.43292
12 10 64.434814
12 12 57.1
12 13 52.235455
12 14 38.615456
12 15 35.504505
12 16 75.003105
12 17 38.3
12 18 76.48112
12 21 171.08133
12 23 22.340666
12 25 60.997326
13 0 139.90291
13 1 149.35
13 2 108.890976
13 3 137.76666
13 4 109.93
13 5 151.83951
13 7 56.2976
13 8 43.8
13 9 78.880165
13 11 169.845
13 13 26.333334
13 14 114.9
13 15 139.6
13 16 66.4
13 18 56.7
13 19 27.9
13 20 43.8
13 22 61.175
13 24 61.176117
14 0 137.88077
14 1 140.4
14 2 118.3
14 3 141.6104
14 4 106.15
14 5 152.35783
14 7 44.0
14 8 62.9
14 10 55.8
14 11 53.4
14 12 44.0
14 13 30.17
14 14 71.88571
14 15 123.65714
14 16 132.1
14 18 55.985714
14 20 60.997326
14 22 61.42692
15 0 137.4
15 1 140.4
15 2 118.3
15 3 141.6104
15 4 105.503334
15 5 148.0
15 7 100.2
15 9 51.7
15 10 67.7
15 12 55.8
15 13 63.9
15 14 81.3
15 16 30.17
15 17 71.88571
15 18 123.65714
15 19 137.4
15 21 55.985714
15 23 60.997326
16 0 148.7
16 1 109.204445
16 2 132.9
16 3 122.0
16 4 111.55
16 5 147.7
16 7 55.6
16 8 54.29882
16 10 40.7
16 11 57.1
16 12 34.045162
16 13 131.25714
16 14 127.18
16 15 114.0
16 16 157.0
16 17 114.0
16 18 127.18
16 20 56.57
16 22 55.5
17 0 147.15715
17 1 106.8
17 2 132.1
17 3 124.2
17 4 106.3
17 5 146.4
17 7 101.3
17 9 45.5
17 10 56.9
17 12 58.3
17 13 60.5
17 14 153.6
17 15 132.44772
17 16 68.04444
17 17 68.2
17 18 32.7
18 0 136.0132
18 1 149.35
18 2 108.890976
18 3 137.76666
18 4 109.93
18 5 146.87032
18 7 100.96
18 9 42.266666
18 10 78.34182
18 12 168.89857
18 14 67.01667
18 15 132.44772
18 16 143.6
18 17 66.4
18 19 56.7
18 20 28.05
18 21 43.8
18 24 61.175
19 0 147.38919
19 1 106.84041
19 2 129.1
19 3 126.6
19 4 109.93
19 5 146.8452
19 7 101.3
19 9 42.266666
19 10 60.6
19 12 56.8
19 13 53.4
19 14 28.05
19 15 139.6
19 16 114.9
19 17 34.7
19 18 68.91296
20 0 147.38919
20 1 106.84041
20 2 128.45
20 3 137.76666
20 4 109.93
20 5 146.8452
20 7 101.3
20 9 40.696064
20 10 63.5
20 12 50.6
20 13 57.10606
20 14 74.8
20 15 139.26715
20 16 127.705
20 17 43.466667
20 18 57.858353
20 20 47.4
20 21 24.0
20 22 26.935272
21 0 147.68916
21 1 106.84041
21 2 129.1
21 3 126.6
21 4 114.7325
21 5 150.9
21 7 41.2
21 8 60.6
21 10 56.8
21 11 53.4
21 12 28.2
21 13 143.6
21 14 114.7
21 15 80.8
21 16 68.1
21 19 55.6
21 21 56.099854
22 0 137.4
22 1 140.4
22 2 118.3
22 3 141.6104
22 4 105.503334
22 5 148.0
22 7 100.2
22 9 48.43292
22 10 64.434814
22 12 55.8
22 13 63.9
22 14 77.3
22 16 35.504505
22 17 72.6478
22 18 52.633335
22 19 61.24286
22 22 56.7
22 24 60.997326
23 0 147.9
23 1 104.5
23 2 127.1
23 3 137.7
23 4 108.1
23 5 148.4
23 7 101.554
23 9 51.7
23 10 67.7
23 12 61.8
23 13 63.9
23 14 81.3
23 16 30.17
23 17 71.88571
23 18 123.65714
23 19 137.4
23 21 55.985714
24 0 111.3
24 1 124.6
24 2 134.82
24 3 132.0
24 4 146.9
24 5 144.0
24 7 55.9
24 9 86.2
24 10 48.7
24 11 36.8
24 12 50.31692
24 14 54.875
24 15 40.7
24 16 131.6
24 17 127.5
24 18 64.2
24 19 33.7
25 0 147.9
25 1 104.5
25 2 127.1
25 3 137.7
25 4 108.1
25 5 148.4
25 7 101.554
25 9 51.7
25 10 67.7
25 12 61.8
25 13 63.9
25 14 81.3
25 16 30.4
25 17 71.88571
25 18 124.3
25 19 137.4
25 21 55.985714
26 0 147.2307
26 1 109.86667
26 2 128.00789
26 3 137.76666
26 4 109.93
26 5 146.8452
26 7 101.18291
26 9 42.266666
26 10 73.804344
26 12 163.9
26 14 67.01667
26 15 132.44772
26 16 143.6
26 17 66.4
26 19 56.7
26 20 28.05
26 21 43.8
27 0 135.68533
27 1 147.07632
27 2 112.9
27 3 133.7469
27 4 106.365
27 5 146.87032
27 7 101.35407
27 9 133.0
27 10 116.7
27 11 66.82667
27 12 72.72775
27 13 69.9
27 14 53.4
27 16 160.70601
27 21 105.28
27 22 72.9
27 23 73.5
27 24 72.44
27 25 77.709915
27 27 61.1
28 0 147.6
28 1 112.3
28 2 129.5
28 3 126.5
28 4 109.4
28 5 147.6
28 7 56.175
28 8 43.8
28 9 67.3
28 11 90.7
28 13 31.7
28 14 114.9
28 15 139.6
28 16 66.4
28 18 56.7
28 19 27.9
28 20 43.8
28 22 56.033333
29 0 148.6
29 1 106.95
29 2 124.3
29 3 130.7
29 4 103.9
29 5 151.5
29 7 102.05
29 9 132.4
29 10 122.6
29 11 73.2
29 12 69.8
29 13 69.9
29 14 53.4
29 16 163.8
30 0 147.38919
30 1 106.84041
30 2 129.1
30 3 126.6
30 4 109.93
30 5 146.8452
30 7 101.3
30 9 41.2
30 10 60.6
30 12 56.8
30 13 53.4
30 14 28.2
30 15 143.6
30 16 132.44772
30 17 68.14333
30 18 74.82727
31 0 135.68533
31 1 147.07632
31 2 112.9
31 3 133.7469
31 4 106.365
31 5 146.87032
31 7 101.35407
31 9 133.0
31 10 122.6
31 11 73.2
31 12 69.8
31 13 69.9
31 14 53.4
31 16 160.70601
32 0 111.3
32 1 124.6
32 2 134.82
32 3 132.0
32 4 146.9
32 5 144.0
32 7 55.9
32 9 89.4
32 10 48.7
32 11 36.8
32 12 50.31692
32 14 54.875
32 15 40.7
32 16 146.7
32 17 126.0
32 18 192.9
32 20 36.8
33 0 135.68533
33 1 147.07632
33 2 112.9
33 3 137.76666
33 4 109.93
33 5 146.87032
33 7 101.35407
33 9 40.8
33 10 67.0
33 12 160.70601
33 14 71.675
33 15 72.72775
33 16 76.50483
33 17 75.73333
34 0 147.2307
34 1 110.63333
34 2 137.38461
34 3 141.6104
34 4 105.503334
34 5 147.13
34 7 101.354576
34 9 51.7
34 10 90.85
34 12 90.7
34 14 57.10606
34 16 64.434814
34 17 30.4
34 18 71.88571
34 19 124.3
34 20 137.4
34 22 55.985714
34 23 42.635925
35 0 119.85
35 1 120.0
35 2 124.6
35 3 112.0
35 4 138.7
35 5 125.35
35 6 115.5
35 7 129.36667
35 9 139.31667
35 11 41.905
35 12 19.2
35 13 161.5139
35 15 125.35714
35 16 138.01
35 17 110.18667
35 18 130.8
35 19 150.9
35 21 146.56363
35 22 129.5
35 23 120.3
36 0 63.455555
36 2 60.157143
36 3 127.4
36 4 135.87392
36 5 62.745453
36 7 174.6
36 9 83.9
36 11 31.9
36 12 16.45
36 13 16.45
36 14 72.5
36 15 16.6
36 17 57.08
36 18 23.635792
36 19 30.65
37 0 31.642105
37 1 71.50636
37 2 42.321053
37 3 140.8421
37 4 121.42857
37 5 31.982857
37 6 32.145714
37 7 50.37143
37 8 36.5
37 9 37.321053
37 10 18.194736
37 11 21.157143
37 12 38.073685
37 13 42.4735
37 14 57.109566
37 15 26.255629
37 16 34.1
37 17 42.9
37 18 48.0
37 19 11.8
37 21 40.0
37 22 40.0
37 23 15.540957
38 0 147.152
38 1 148.84
38 2 106.85833
38 3 127.164
38 4 137.31017
38 5 109.89302
38 6 116.7
38 7 137.5
38 9 160.70601
38 11 116.3
38 12 131.7
38 13 123.1
38 14 124.0
38 16 102.64
39 0 156.82857
39 1 115.91428
39 2 131.41429
39 3 136.1
39 4 131.41429
39 5 115.91428
39 6 38.37143
39 7 73.55
39 8 64.55953
39 10 142.975
39 11 144.9
39 13 106.85833
39 14 127.164
39 15 137.31017
39 16 109.89302
39 17 116.7
39 18 137.5
39 20 160.70601
39 22 116.3
39 23 131.7
39 24 123.1
39 25 124.0
40 0 156.36029
40 1 106.185715
40 2 161.26666
40 3 109.538666
40 4 162.64546
40 5 95.819695
40 7 72.0
40 8 74.5
40 9 80.3
40 10 72.5
40 11 82.5
40 13 62.9
40 19 180.8
40 21 109.24545
40 22 166.62857
40 24 20.914286
41 0 161.26256
41 1 93.11429
41 2 164.3
41 3 93.11429
41 4 161.26256
41 5 107.26613
41 6 203.45
41 8 32.583332
41 10 56.19282
41 13 56.19282
42 0 161.26256
42 1 92.2
42 2 166.0
42 3 96.3318
42 4 163.07002
42 5 111.2
42 6 205.1
42 8 33.7
42 11 56.4
42 13 56.19282
43 0 128.71428
43 1 128.45
43 2 128.71428
43 3 128.78572
43 4 134.1
43 5 128.78572
43 6 152.5
43 7 128.2
43 8 193.44073
44 0 161.75262
44 1 150.83333
44 2 78.95
44 3 131.1
44 4 126.6
44 5 130.4
44 6 140.41364
44 7 137.1309
44 8 134.43546
44 9 130.97728
44 10 130.97728
44 11 134.43546
44 12 137.1309
44 13 138.43889
44 14 125.35555
44 15 132.56923
44 16 137.1047
44 17 12.880851
44 18 123.1
44 19 135.6
44 20 54.406384
44 21 33.86
44 22 42.478573
44 23 65.28333
44 24 132.44772
44 25 146.13385
44 26 22.033333
44 28 26.85
44 29 26.85
44 30 12.816667
44 31 12.816667
44 32 13.3
44 34 88.52
44 35 40.94349
44 36 64.20909
44 37 49.8
44 38 35.4
44 39 26.35
44 40 26.35
44 42 27.714285
45 0 164.18
45 1 98.94334
45 2 161.46333
45 3 104.735
45 4 156.5
45 5 93.725
45 7 156.83
45 8 132.67
45 9 177.33
45 12 100.36667
45 13 79.5325
45 14 78.286316
45 15 71.274284
45 16 77.7
45 18 62.6
45 23 106.6
45 24 74.4
45 25 75.9
45 26 70.905716
45 27 66.4
45 32 121.105
45 33 130.935
45 34 115.18
45 35 160.12
45 36 115.18
45 37 130.935
46 0 162.4
46 1 99.2
46 2 160.825
46 3 105.44
46 4 155.94
46 5 95.4
46 7 162.0
46 8 135.8
46 9 180.1
46 12 102.6
46 13 73.9
46 14 77.3
46 15 69.7
46 16 76.4
46 18 60.8
46 23 121.105
46 24 130.935
46 25 115.18
46 26 160.12
46 27 115.18
46 28 130.935
46 32 102.4
46 33 78.6
46 34 78.34
46 35 69.695
46 36 78.39571
46 38 61.076668
47 0 164.18
47 1 98.94334
47 2 161.46333
47 3 104.735
47 4 156.5
47 5 93.725
47 7 158.858
47 8 134.59
47 9 178.825
47 12 101.53866
47 13 72.78571
47 14 75.165215
47 15 69.836845
47 16 66.07549
47 21 124.0
47 22 131.54286
47 23 117.9
47 24 161.3
47 25 117.9
47 26 131.54286
47 28 103.6
47 29 74.7
47 30 77.4
47 31 71.1
47 32 66.9
48 0 162.4
48 1 99.2
48 2 160.825
48 3 105.44
48 4 155.94
48 5 95.4
48 7 158.858
48 8 132.67
48 9 178.825
48 12 100.36667
48 13 79.5325
48 14 78.07
48 15 71.502266
48 16 77.7
48 18 62.6
48 23 106.6
48 24 74.4
48 25 75.9
48 26 70.905716
48 27 66.4
48 32 121.105
48 33 130.935
48 34 115.18
48 35 160.12
48 36 115.18
48 37 130.935
48 41 99.95
48 42 73.05
48 43 76.35
48 44 69.678665
48 45 76.4
48 47 60.811428
49 0 162.4
49 1 99.2
49 2 160.825
49 3 105.44
49 4 155.94
49 5 95.4
49 7 158.858
49 8 132.67
49 9 178.825
49 12 100.36667
49 13 78.81
49 14 78.07
49 15 71.502266
49 16 77.7
49 18 62.6
49 23 104.5
49 24 76.38571
49 25 78.37273
49 26 69.9
49 27 78.77273
49 29 61.1
49 34 121.105
49 35 130.935
49 36 115.18
49 37 160.12
49 38 115.18
49 39 130.935
49 43 103.7
49 44 78.6
49 45 77.277145
49 46 69.695
49 47 76.4
49 49 61.076668
50 0 164.18
50 1 98.94334
50 2 161.46333
50 3 103.675
50 4 156.375
50 5 93.675
50 7 157.175
50 8 133.1
50 9 176.9
50 12 101.1
50 13 73.9
50 14 77.3
50 15 69.7
50 16 76.4
50 18 60.8
50 23 121.333336
50 24 121.63333
50 25 115.5
50 26 148.78
50 27 145.16
50 28 115.6
51 0 164.18
51 1 98.94334
51 2 161.46333
51 3 103.675
51 4 156.375
51 5 93.675
51 7 157.175
51 8 133.1
51 9 176.9
51 12 103.15
51 13 74.1
51 14 74.9
51 15 70.0
51 16 75.5
51 18 67.327774
51 20 100.2875
51 21 70.365
51 22 70.695
51 23 71.85333
51 24 68.3225
51 26 18.2
51 33 121.333336
51 34 121.63333
51 35 115.5
51 36 148.78
51 37 145.16
51 38 115.6
52 0 164.18
52 1 98.94334
52 2 161.0
52 3 103.675
52 4 156.5
52 5 93.675
52 7 158.4
52 8 136.2
52 9 176.9
52 12 103.15
52 13 74.1
52 14 74.9
52 15 70.0
52 16 75.5
52 18 67.327774
52 20 100.2875
52 21 70.365
52 22 70.695
52 23 71.85333
52 24 68.3225
52 26 17.845
52 33 120.6
52 34 124.9
52 35 115.5
52 36 146.1
52 37 149.1
52 38 115.1
52 40 55.7
53 0 152.7
53 1 103.29425
53 2 157.9
53 3 105.4
53 4 144.3
53 5 126.7
53 8 156.4317
53 9 133.97144
53 10 179.2
53 13 101.1
53 14 73.9
53 15 77.3
53 16 69.7
53 17 76.4
53 19 60.8
53 24 121.784
53 25 121.990906
53 26 115.5
53 27 148.78
53 28 145.16
53 29 116.13636
54 0 169.6
54 1 103.3
54 2 159.2
54 3 113.3
54 4 156.95
54 5 94.95
54 7 163.3
54 8 144.4
54 9 136.8
54 11 100.8
54 12 80.5
54 13 76.9
54 14 71.317825
54 15 77.7
54 17 62.238
54 22 106.38571
54 23 76.38571
54 24 78.37273
54 25 71.7
54 26 78.77273
54 28 62.694443
54 33 119.4
54 34 135.5
54 35 117.3
54 36 165.17143
54 37 117.3
54 38 135.5
55 0 169.6
55 1 103.3
55 2 159.2
55 3 113.3
55 4 156.95
55 5 94.95
55 7 163.3
55 8 144.4
55 9 136.8
55 11 103.7
55 12 74.8
55 13 77.26667
55 14 69.96667
55 15 76.68261
55 17 66.4
55 19 100.2875
55 20 70.365
55 21 70.695
55 22 71.85333
55 23 68.3225
55 25 18.2
55 32 119.4
55 33 135.5
55 34 117.3
55 35 165.17143
55 36 117.3
55 37 135.5
56 0 169.6
56 1 103.3
56 2 159.2
56 3 113.3
56 4 156.95
56 5 94.95
56 7 163.3
56 8 144.4
56 9 136.8
56 11 103.7
56 12 74.8
56 13 77.26667
56 14 69.96667
56 15 76.68261
56 17 66.4
56 19 100.2875
56 20 70.365
56 21 70.695
56 22 71.85333
56 23 68.3225
56 25 18.2
56 32 125.41053
56 33 117.75
56 34 146.36827
56 35 137.84866
56 36 146.36827
56 37 117.75
57 0 165.1
57 1 102.98572
57 2 165.58571
57 3 113.3
57 4 132.34285
57 5 107.9
57 6 191.4
57 8 117.8
57 9 143.8
57 10 127.525
57 11 130.5
57 12 116.0
57 13 159.61667
57 14 116.0
57 15 130.5
58 0 163.55714
58 1 113.925
58 2 130.7
58 3 137.0
58 4 130.7
58 5 113.925
58 6 189.5125
58 8 122.589806
58 9 133.66142
58 10 118.55
58 11 157.93
58 12 97.790306
58 13 164.66335
58 14 98.4
58 15 153.66667
58 19 56.13
58 21 56.57
59 0 159.9
59 1 107.0
59 2 158.7
59 3 105.8
59 4 158.3
59 5 101.5
59 6 8.0
59 8 78.8
59 9 43.6
59 10 198.4
59 12 130.4
59 13 128.9
59 14 116.24286
59 15 157.66591
59 16 116.24286
59 17 128.9
59 20 7.9
60 0 163.74762
60 1 106.71742
60 2 129.46376
60 3 122.43636
60 4 159.8
60 5 99.50271
60 7 85.0
60 8 41.5
60 9 27.3
60 10 130.0
60 11 130.9
60 12 115.7
60 13 157.66591
60 14 115.7
60 15 130.9
60 18 55.54
61 0 162.25333
61 1 97.790306
61 2 158.10681
61 3 103.0
61 4 155.14737
61 5 94.7
61 7 80.5
61 8 29.1
61 9 19.3
61 10 130.7
61 11 128.3
61 12 114.5
61 13 158.95454
61 14 114.5
61 15 128.3
61 17 56.57
61 19 55.995
62 0 161.18506
62 1 107.41053
62 2 129.46376
62 3 122.43636
62 4 159.8
62 5 97.790306
62 7 79.01428
62 8 29.5
62 9 27.3
62 10 135.6
62 11 117.8
62 12 115.4
62 13 147.3
62 14 147.8
62 15 106.2
62 17 55.7
63 0 161.18506
63 1 107.41053
63 2 129.46376
63 3 122.43636
63 4 159.8
63 5 97.790306
63 7 79.01428
63 8 29.5
63 9 27.3
63 10 135.6
63 11 106.7
63 12 147.2
63 13 147.8
63 14 108.1
63 15 119.6
63 17 100.96364
64 0 163.74762
64 1 106.71742
64 2 129.46376
64 3 122.43636
64 4 159.8
64 5 99.50271
64 7 76.64597
64 8 29.5
64 9 27.3
64 10 122.04222
64 11 111.2
64 12 147.2307
64 13 152.9021
64 14 96.8813
64 15 155.17857
64 18 101.7532
64 21 55.54
65 0 109.86667
65 1 133.86667
65 2 126.1
65 3 127.1
65 4 111.5
65 5 122.36667
65 6 136.0
65 7 118.3
65 8 42.5
65 9 55.1
65 11 62.4
65 12 27.0
65 13 109.933334
65 14 118.666664
65 16 43.4
65 17 174.3
65 20 96.12185
65 21 163.2
65 24 102.8
65 26 63.9
65 28 167.95555
65 30 59.105537
65 31 26.42
65 32 18.35
65 33 18.35
65 34 45.8
65 35 21.7
65 36 25.9
65 38 28.31591
65 39 7.781822
66 0 148.0
66 1 137.4
66 2 140.4
66 3 118.3
66 4 141.6104
66 5 105.503334
66 6 48.43292
66 7 64.434814
66 9 55.8
66 10 63.9
66 11 77.3
66 13 35.504505
66 14 72.6478
66 15 52.633335
66 16 61.24286
66 19 56.7
66 21 60.997326
66 23 100.2
67 0 146.8452
67 1 147.38919
67 2 106.84041
67 3 129.1
67 4 126.6
67 5 109.93
67 6 42.266666
67 7 60.6
67 9 56.8
67 10 53.4
67 11 28.2
67 12 143.6
67 13 114.7
67 14 69.1
67 15 73.804344
67 17 169.84
67 19 21.012424
67 21 170.08167
67 23 20.718334
67 25 101.3
68 0 146.8452
68 1 147.38919
68 2 106.84041
68 3 129.1
68 4 126.6
68 5 109.93
68 6 42.266666
68 7 60.6
68 9 56.8
68 10 53.4
68 11 28.2
68 12 143.6
68 13 132.44772
68 14 68.14333
68 15 73.804344
68 17 169.84
68 19 21.012424
68 22 101.3
69 0 150.9
69 1 147.68916
69 2 106.84041
69 3 129.1
69 4 126.6
69 5 114.7325
69 6 42.266666
69 7 60.6
69 9 56.8
69 10 53.4
69 11 28.2
69 12 143.6
69 13 132.44772
69 14 68.14333
69 15 73.804344
69 17 169.84
69 19 21.012424
69 22 56.099854
70 0 150.9
70 1 147.68916
70 2 106.84041
70 3 129.1
70 4 126.6
70 5 114.7325
70 6 41.2
70 7 60.6
70 9 56.8
70 10 53.4
70 11 28.2
70 12 143.6
70 13 114.7
70 14 69.1
70 15 68.1
70 18 170.08167
70 20 20.718334
70 22 56.099854
71 0 148.4
71 1 147.9
71 2 104.5
71 3 127.1
71 4 137.7
71 5 108.1
71 6 51.7
71 7 67.7
71 9 61.8
71 10 63.9
71 11 81.3
71 13 30.4
71 14 69.15458
71 15 124.3
71 16 137.4
71 18 170.11052
71 20 21.123077
71 22 101.554
72 0 147.625
72 1 148.24287
72 2 109.86667
72 3 128.00789
72 4 137.76666
72 5 109.93
72 6 42.266666
72 7 78.34182
72 9 163.9
72 11 67.01667
72 12 132.44772
72 13 143.6
72 14 66.4
72 16 56.7
72 17 28.05
72 18 43.8
72 21 56.00375
72 23 56.175
73 0 145.65
73 1 145.9012
73 2 112.341934
73 3 128.00789
73 4 137.76666
73 5 109.93
73 6 43.8
73 7 78.880165
73 9 163.9
73 11 26.333334
73 12 114.9
73 13 139.6
73 14 66.4
73 16 56.7
73 17 27.9
73 18 43.8
73 21 56.1
74 0 149.5
74 1 126.20756
74 2 114.415
74 3 158.72926
74 4 114.415
74 5 126.20756
74 7 68.8
74 8 58.00714
74 10 45.625713
74 11 45.625713
74 12 34.533333
74 13 36.114315
74 14 38.11
74 15 209.21143
74 17 38.11
74 18 36.114315
74 19 45.8
74 20 49.186882
74 22 45.1023
74 23 45.1023
75 0 151.34
75 1 148.7032
75 2 104.856285
75 3 127.52256
75 4 129.17363
75 5 101.815
75 6 127.52256
75 7 118.86818
75 9 144.2625
75 10 58.5
75 11 24.6875
75 12 131.65045
75 13 127.862946
75 14 124.89375
75 15 124.47119
75 17 101.566666
76 0 147.152
76 1 148.84
76 2 106.85833
76 3 127.164
76 4 137.31017
76 5 109.89302
76 6 126.038605
76 7 132.43077
76 9 160.70601
76 11 137.8
76 12 114.391075
76 13 129.03117
76 14 127.082794
76 17 102.64
77 0 146.87032
77 1 135.68533
77 2 147.07632
77 3 112.9
77 4 137.31017
77 5 109.89302
77 6 126.038605
77 7 132.43077
77 9 160.70601
77 11 137.8
77 12 114.391075
77 13 129.03117
77 14 127.082794
77 18 101.35407
78 0 148.4
78 1 147.9
78 2 104.5
78 3 127.1
78 4 137.7
78 5 108.1
78 6 51.7
78 7 67.7
78 9 61.8
78 10 63.9
78 11 81.3
78 13 32.5
78 14 64.0
78 15 127.5
78 16 137.4
78 19 101.554
79 0 147.13
79 1 147.402
79 2 106.026
79 3 126.92571
79 4 136.3
79 5 105.503334
79 6 44.0
79 7 62.9
79 9 61.6
79 10 53.4
79 11 44.0
79 12 30.17
79 13 71.88571
79 14 123.65714
79 15 132.1
79 17 55.985714
79 19 101.554
80 0 129.5
80 1 127.8
80 2 113.6
80 3 148.2
80 4 146.4
80 5 113.4
80 7 56.1
80 9 63.0
80 11 58.6
80 12 45.5
80 13 136.1
80 14 131.0
80 15 116.4
80 16 155.35
80 17 116.4
80 18 131.0
80 20 45.6
81 0 146.8452
81 1 147.2307
81 2 109.86667
81 3 128.00789
81 4 137.76666
81 5 109.93
81 6 40.8
81 7 78.34182
81 9 163.9
81 11 77.7
81 12 33.20084
81 13 32.8
81 14 60.033333
81 16 55.68
81 17 25.8
81 18 42.635925
81 20 171.94646
81 22 49.983334
81 23 200.31667
81 25 30.0
81 27 101.18291
82 0 146.8452
82 1 147.2307
82 2 109.86667
82 3 128.00789
82 4 137.76666
82 5 109.93
82 6 40.8
82 7 78.34182
82 9 163.9
82 11 77.7
82 12 33.20084
82 13 32.8
82 14 60.033333
82 16 55.68
82 17 31.175
82 18 42.635925
82 20 171.34262
82 22 43.9
82 23 64.0
82 24 22.6
82 27 101.18291
83 0 147.2307
83 1 146.8452
83 2 109.93
83 3 137.76666
83 4 128.00789
83 5 109.86667
83 6 168.44154
83 9 41.23
83 10 33.20084
83 11 66.778946
83 12 128.65352
83 13 143.9
83 14 63.5
83 16 56.7
83 17 28.05
83 18 43.8
83 20 165.98785
83 22 120.565674
83 23 137.2
83 24 122.4
83 25 157.6625
83 27 163.16667
83 28 26.042856
83 29 24.388235
83 31 101.18291
84 0 147.2307
84 1 146.8452
84 2 109.93
84 3 137.76666
84 4 128.00789
84 5 109.86667
84 6 168.44154
84 9 41.23
84 10 33.20084
84 11 63.833332
84 12 128.65352
84 13 143.9
84 14 63.5
84 16 56.7
84 17 28.05
84 18 43.8
84 21 101.18291
85 0 146.8452
85 1 147.38919
85 2 106.84041
85 3 129.1
85 4 126.6
85 5 109.93
85 6 42.266666
85 7 60.6
85 9 56.8
85 10 53.4
85 11 28.2
85 12 143.6
85 13 114.7
85 14 69.1
85 15 73.804344
85 17 169.84
85 19 21.012424
85 21 106.85
85 22 20.972727
85 25 101.3
86 0 147.2307
86 1 146.8452
86 2 109.93
86 3 137.76666
86 4 128.00789
86 5 109.86667
86 6 163.9
86 9 70.5
86 10 40.8
86 11 60.033333
86 12 32.8
86 13 34.69875
86 14 77.7
86 16 165.98785
86 18 124.6
86 19 141.0
86 20 124.6
86 21 162.1
86 23 162.1
86 24 24.8
86 25 24.8
86 26 165.98785
86 29 77.7
86 30 73.804344
86 31 40.8
86 32 137.76666
86 33 109.93
86 34 146.8452
86 35 147.2307
86 36 109.86667
86 37 128.00789
86 38 163.9
86 42 101.18291
86 44 60.033333
86 45 32.8
86 46 33.20084
86 47 31.175
86 48 55.68
86 50 42.635925
86 51 31.175
86 52 55.68
86 54 42.635925
86 56 101.18291
87 0 33.20084
87 1 66.778946
87 2 128.65352
87 3 143.9
87 4 63.5
87 5 40.75
87 6 137.76666
87 7 126.35
87 8 127.05
87 9 129.40955
87 10 127.504585
87 11 128.00789
87 12 168.44154
87 16 56.7
87 17 28.05
87 18 43.8
87 20 169.9
87 22 20.9
88 0 146.8452
88 1 147.2307
88 2 109.86667
88 3 128.00789
88 4 137.76666
88 5 109.93
88 6 40.696064
88 7 78.52916
88 9 163.9
88 11 131.5
88 12 129.43333
88 13 43.466667
88 14 63.325
88 16 55.68
88 17 31.0
88 18 42.635925
88 20 101.18291
89 0 146.8452
89 1 147.2307
89 2 109.86667
89 3 128.00789
89 4 137.76666
89 5 109.93
89 6 40.8
89 7 78.34182
89 9 163.9
89 11 68.58116
89 12 33.20084
89 13 32.8
89 14 60.033333
89 16 55.68
89 17 25.8
89 18 42.635925
89 21 101.18291
90 0 148.0
90 1 137.4
90 2 140.4
90 3 118.3
90 4 141.6104
90 5 105.503334
90 6 48.43292
90 7 64.434814
90 9 57.1
90 10 52.235455
90 11 38.615456
90 12 35.504505
90 13 69.6
90 14 58.0
90 15 61.24286
90 19 60.997326
90 21 100.2
91 0 147.13
91 1 147.402
91 2 106.026
91 3 126.92571
91 4 136.3
91 5 105.503334
91 6 44.0
91 7 62.9
91 9 61.6
91 10 53.4
91 11 44.0
91 12 32.5
91 13 64.0
91 14 127.5
91 15 132.1
91 18 101.554
92 0 54.875
92 2 50.31692
92 3 36.8
92 4 48.7
92 5 132.0
92 6 134.82
92 7 124.6
92 8 111.3
92 9 144.0
92 10 146.9
92 12 86.2
92 13 38.273685
92 14 64.2
92 15 127.5
92 16 131.6
92 19 55.9
92 20 40.7
93 0 147.5
93 1 147.5
93 2 110.8
93 3 129.1
93 4 126.6
93 5 108.1
93 6 41.2
93 7 60.6
93 9 56.8
93 10 53.4
93 11 28.2
93 12 143.6
93 13 114.7
93 14 80.8
93 15 68.1
93 18 55.6
93 20 55.466667
93 22 56.175
94 0 147.13
94 1 146.4
94 2 108.8
94 3 135.5625
94 4 141.6104
94 5 105.503334
94 6 51.7
94 7 62.342857
94 9 81.15
94 11 58.99652
94 12 81.3
94 14 30.4
94 15 71.88571
94 16 124.3
94 17 137.4
94 19 55.985714
94 21 101.354576
95 0 148.10568
95 1 135.91429
95 2 145.21977
95 3 118.3
95 4 141.6104
95 5 105.503334
95 6 48.43292
95 7 64.434814
95 9 55.8
95 10 63.9
95 11 77.3
95 13 35.504505
95 14 77.45
95 15 29.247368
95 16 35.152916
95 18 56.18261
95 20 60.997326
95 23 56.36883
96 0 124.07
96 1 122.81
96 2 127.72
96 3 130.12
96 4 116.2
96 5 119.33
96 6 131.17
96 7 121.4
96 8 157.03
96 11 111.09
96 12 123.45
96 13 109.7
96 14 145.40164
96 15 145.40164
96 16 108.6
97 0 148.36
97 1 152.6
97 2 106.55
97 3 121.4
97 4 131.17
97 5 102.55
97 6 116.2
97 7 130.12
97 9 157.03
97 11 111.09
97 12 123.45
97 13 127.72
97 14 122.81
97 15 124.07
97 16 119.33
97 18 102.64
98 0 146.8452
98 1 147.38919
98 2 106.84041
98 3 129.1
98 4 126.6
98 5 109.93
98 6 41.2
98 7 60.6
98 9 56.8
98 10 53.4
98 11 28.2
98 12 143.6
98 13 114.7
98 14 80.8
98 15 68.1
98 18 55.6
98 20 101.3
99 0 135.77242
99 1 151.83951
99 2 106.84041
99 3 131.08624
99 4 135.545
99 5 147.07632
99 7 39.6
99 8 62.342857
99 10 61.63
99 11 52.301334
99 12 38.615456
99 13 35.932434
99 14 77.45
99 15 26.77
99 16 35.152916
99 18 56.18261
99 20 56.2976
99 22 60.52069
100 0 147.625
100 1 148.24287
100 2 109.86667
100 3 128.00789
100 4 137.76666
100 5 109.93
100 6 43.8
100 7 75.766304
100 9 163.9
100 11 26.333334
100 12 114.9
100 13 139.6
100 14 66.4
100 16 56.7
100 17 27.9
100 18 43.8
100 20 56.00375
100 22 56.175
101 0 146.87032
101 1 135.68533
101 2 147.07632
101 3 112.9
101 4 137.31017
101 5 109.89302
101 6 116.2
101 7 130.12
101 9 158.365
101 11 111.09
101 12 123.45
101 13 127.72
101 14 122.81
101 15 124.07
101 16 119.33
101 19 101.35407
102 0 54.875
102 2 50.31692
102 3 36.8
102 4 48.7
102 5 132.0
102 6 134.82
102 7 124.6
102 8 115.40336
102 9 144.24902
102 10 147.18294
102 12 86.2
102 13 27.5
102 14 63.4
102 15 122.5
102 16 131.6
102 18 171.9
102 20 43.9
102 21 64.0
102 22 22.6
102 25 40.7
103 0 146.8452
103 1 147.38919
103 2 106.84041
103 3 129.1
103 4 126.6
103 5 109.93
103 6 42.266666
103 7 63.5
103 9 50.6
103 10 55.989353
103 11 131.58476
103 12 139.26715
103 13 63.354546
103 14 74.48111
103 15 73.804344
103 17 169.84
103 19 21.012424
103 21 58.137547
103 24 101.3
104 0 54.875
104 2 50.31692
104 3 35.5
104 4 40.766666
104 5 127.433334
104 6 134.82
104 7 124.6
104 8 111.3
104 9 144.0
104 10 145.9
104 12 86.025
104 13 37.8
104 14 66.0
104 15 31.464912
104 16 35.152916
104 19 55.9
104 20 40.7
105 0 148.7
105 1 146.93333
105 2 106.84041
105 3 126.92571
105 4 136.3
105 5 105.503334
105 6 44.0
105 7 62.9
105 9 61.6
105 10 53.4
105 11 44.0
105 12 32.5
105 13 64.0
105 14 127.5
105 15 132.1
105 18 55.466667
105 20 55.84
106 0 146.8452
106 1 147.2307
106 2 109.86667
106 3 128.00789
106 4 137.76666
106 5 109.93
106 6 40.8
106 7 74.07166
106 9 163.9
106 11 77.7
106 12 34.69875
106 13 32.8
106 14 60.033333
106 16 55.68
106 17 31.175
106 18 42.635925
106 20 165.98785
106 22 124.6
106 23 162.1
106 25 162.1
106 26 124.6
106 27 141.0
106 28 165.98785
106 31 71.38605
106 32 33.20084
106 33 32.8
106 34 60.033333
106 35 40.8
106 36 74.82727
106 38 137.76666
106 39 109.93
106 40 146.8452
106 41 147.2307
106 42 109.86667
106 43 128.00789
106 44 168.44154
106 48 101.18291
106 51 55.68
106 52 31.175
106 53 42.635925
106 54 24.8
106 55 24.8
106 57 101.18291
107 0 54.875
107 2 50.31692
107 3 36.8
107 4 48.7
107 5 132.0
107 6 134.82
107 7 124.6
107 8 111.3
107 9 144.0
107 10 146.9
107 12 86.2
107 13 33.7
107 14 64.2
107 15 127.5
107 16 131.6
107 19 55.9
107 20 56.9
107 21 135.6
107 22 117.75
108 0 146.88
108 1 147.48
108 2 107.19
108 3 126.69
108 4 131.58
108 5 102.49
108 6 48.43292
108 7 64.434814
108 9 61.8
108 10 59.96
108 11 90.85
108 13 65.888374
108 14 70.486664
108 15 26.1
108 16 10.0
108 18 37.65
108 19 77.45
108 20 26.77
108 21 35.152916
108 23 56.18261
108 25 101.554
109 0 147.5
109 1 147.5
109 2 110.8
109 3 129.1
109 4 126.6
109 5 108.1
109 6 42.266666
109 7 63.5
109 9 50.6
109 10 55.989353
109 11 131.58476
109 12 139.26715
109 13 63.354546
109 14 74.48111
109 15 70.8
109 18 58.137547
109 21 55.466667
109 23 56.175
110 0 53.8
110 2 47.0
110 3 40.8
110 4 48.6
110 5 132.0
110 6 133.3
110 7 120.1
110 8 111.3
110 9 144.0
110 10 146.9
110 12 86.2
110 13 33.7
110 14 64.2
110 15 127.5
110 16 131.6
110 19 55.9
111 0 54.875
111 2 50.31692
111 3 35.5
111 4 40.766666
111 5 127.433334
111 6 134.82
111 7 124.6
111 8 115.40336
111 9 144.24902
111 10 147.18294
111 12 86.025
111 13 37.8
111 14 66.0
111 15 31.464912
111 16 35.152916
111 19 40.7
112 0 54.875
112 2 50.31692
112 3 36.8
112 4 48.7
112 5 132.0
112 6 134.82
112 7 124.6
112 8 111.3
112 9 144.0
112 10 146.9
112 12 86.2
112 13 27.5
112 14 63.4
112 15 122.5
112 16 131.6
112 18 171.9
112 20 43.9
112 21 64.0
112 22 22.6
112 25 55.9
112 26 40.7
113 0 147.6
113 1 147.6
113 2 110.63333
113 3 137.38461
113 4 126.5
113 5 109.4
113 6 43.8
113 7 67.3
113 9 101.307144
113 11 54.04791
113 12 31.7
113 13 114.9
113 14 139.6
113 15 66.4
113 17 56.7
113 18 27.9
113 19 43.8
113 21 56.033333
113 23 56.175
114 0 148.7
114 1 146.93333
114 2 106.84041
114 3 126.92571
114 4 136.3
114 5 105.503334
114 6 44.0
114 7 62.9
114 9 61.6
114 10 53.4
114 11 44.0
114 12 30.17
114 13 71.88571
114 14 123.65714
114 15 132.1
114 17 55.985714
114 19 55.466667
114 21 55.84
115 0 148.7
115 1 148.24287
115 2 108.8
115 3 135.5625
115 4 141.6104
115 5 105.503334
115 6 44.0
115 7 62.342857
115 9 78.1
115 11 49.908134
115 12 44.0
115 13 30.4
115 14 71.88571
115 15 124.3
115 16 132.1
115 18 55.985714
115 20 56.00375
115 22 55.84
116 0 146.8452
116 1 147.2307
116 2 109.86667
116 3 128.00789
116 4 137.76666
116 5 109.93
116 6 40.8
116 7 73.804344
116 9 163.9
116 11 77.7
116 12 33.20084
116 13 32.8
116 14 60.033333
116 16 55.68
116 17 25.8
116 18 42.635925
116 20 173.8
116 22 27.6
116 23 9.2
116 25 101.18291
117 0 148.0
117 1 137.4
117 2 140.4
117 3 118.3
117 4 141.6104
117 5 105.503334
117 6 44.0
117 7 62.9
117 9 55.8
117 10 53.4
117 11 44.0
117 12 32.5
117 13 64.0
117 14 127.5
117 15 132.1
117 18 60.997326
117 20 100.2
118 0 124.07
118 1 122.81
118 2 127.72
118 3 130.12
118 4 116.2
118 5 119.33
118 6 131.17
118 7 121.4
118 8 157.03
118 11 111.09
118 12 123.45
118 13 109.7
118 14 151.6
118 15 148.0
118 16 109.89302
118 18 56.6
119 0 150.9
119 1 147.68916
119 2 106.84041
119 3 129.1
119 4 126.6
119 5 114.7325
119 6 41.2
119 7 60.6
119 9 56.8
119 10 53.4
119 11 28.2
119 12 143.6
119 13 132.44772
119 14 68.14333
119 15 70.8
119 19 56.099854
120 0 54.875
120 2 50.31692
120 3 36.8
120 4 48.7
120 5 132.0
120 6 134.82
120 7 124.6
120 8 115.40336
120 9 144.24902
120 10 147.18294
120 12 86.2
120 13 33.7
120 14 64.2
120 15 127.5
120 16 131.6
120 19 40.7
121 0 145.65
121 1 148.2
121 2 113.6
121 3 128.45
121 4 126.6
121 5 109.93
121 6 42.266666
121 7 60.6
121 9 56.8
121 10 53.4
121 11 28.2
121 12 143.6
121 13 132.44772
121 14 68.14333
121 15 73.804344
121 17 169.84
121 19 21.012424
121 23 56.1
122 0 146.3
122 1 146.3
122 2 103.7
122 3 127.8
122 4 125.4
122 5 109.1
122 6 50.1
122 7 101.7
122 9 65.0
122 10 61.7
122 12 69.9
122 13 26.6
122 14 72.4
122 15 128.4
122 16 130.5
122 18 55.985714
122 19 41.9
122 22 101.6
123 0 148.0
123 1 137.4
123 2 140.4
123 3 118.3
123 4 141.6104
123 5 105.503334
123 6 48.43292
123 7 64.434814
123 9 57.1
123 10 52.235455
123 11 38.615456
123 12 35.504505
123 13 72.6478
123 14 52.633335
123 15 61.24286
123 18 56.7
123 20 60.997326
123 22 100.2
124 0 146.8452
124 1 147.38919
124 2 106.84041
124 3 129.1
124 4 126.6
124 5 109.93
124 6 42.266666
124 7 63.5
124 9 50.6
124 10 55.989353
124 11 131.58476
124 12 139.26715
124 13 70.917145
124 14 74.48111
124 15 74.82727
124 18 58.137547
124 21 101.3
125 0 146.8452
125 1 147.38919
125 2 106.84041
125 3 128.45
125 4 137.76666
125 5 109.93
125 6 40.8
125 7 60.033333
125 9 57.575
125 10 56.65
125 11 25.8
125 12 32.8
125 13 34.69875
125 14 69.76986
125 15 72.36957
125 19 101.3
126 0 147.13
126 1 146.3
126 2 103.7
126 3 127.8
126 4 141.6104
126 5 105.503334
126 6 48.43292
126 7 107.2528
126 9 65.0
126 10 61.3
126 12 64.434814
126 13 35.932434
126 14 77.45
126 15 26.77
126 16 35.152916
126 18 56.18261
126 19 41.9
126 21 50.626667
126 23 101.6
127 0 147.13
127 1 150.0
127 2 109.55
127 3 125.775
127 4 141.6104
127 5 105.503334
127 6 48.43292
127 7 82.53813
127 8 51.032257
127 9 195.92662
127 11 53.771427
127 13 66.55
127 14 35.932434
127 15 71.88571
127 16 124.3
127 17 144.02661
127 19 56.5
127 22 101.18291
128 0 147.13
128 1 147.402
128 2 106.026
128 3 126.92571
128 4 136.3
128 5 105.503334
128 6 44.0
128 7 62.9
128 9 61.6
128 10 53.4
128 11 44.0
128 12 32.5
128 13 64.0
128 14 127.5
128 15 132.1
128 18 101.554
129 0 68.14333
129 1 128.65352
129 2 143.6
129 3 60.6
129 4 42.266666
129 5 74.07166
129 7 59.366665
129 8 126.6
129 9 129.1
129 10 56.8
129 12 53.4
129 13 28.2
129 14 110.8
129 15 147.5
129 16 147.5
129 17 108.1
129 19 56.175
129 21 55.466667
130 0 40.514294
130 1 175.38899
130 4 52.08992
130 5 35.892
130 6 26.7
130 7 22.8
130 8 40.54286
130 9 61.198433
130 11 49.48456
130 12 30.006521
130 13 68.15
130 15 158.6
130 16 118.13
130 17 199.79
130 19 104.5
130 20 153.1
130 21 127.3
130 22 113.8
130 24 55.775
130 25 51.1
130 26 70.57143
130 27 21.0
131 0 146.88
131 1 147.402
131 2 106.026
131 3 126.92571
131 4 131.58
131 5 102.49
131 6 48.43292
131 7 62.342857
131 9 50.6
131 10 52.235455
131 11 38.615456
131 12 35.504505
131 13 69.6
131 14 58.0
131 15 61.24286
131 19 101.554
132 0 148.42976
132 1 110.3
132 2 125.42927
132 3 135.42876
132 4 130.15794
132 5 147.07632
132 7 75.81781
132 9 63.844444
132 10 28.5
132 11 48.45
132 12 48.45
132 13 31.138
132 14 127.275
132 15 131.1
132 16 116.7
132 17 158.3
132 18 116.7
132 19 131.1
132 22 56.103405
133 0 147.152
133 1 147.6
133 2 109.2
133 3 133.1
133 4 137.31017
133 5 109.89302
133 6 116.2
133 7 119.33
133 8 124.07
133 9 122.81
133 10 127.72
133 11 130.12
133 13 129.26666
133 14 105.35
133 15 32.88706
133 16 62.95
133 19 101.25
134 0 147.13
134 1 148.84
134 2 106.85833
134 3 127.164
134 4 141.6104
134 5 105.503334
134 6 44.4
134 7 66.0
134 9 160.8
134 11 44.4
134 12 34.0
134 13 130.7
134 14 130.9
134 15 115.828575
134 16 156.05571
134 17 115.828575
134 18 130.9
134 20 172.3
134 23 61.6
134 24 30.4
134 25 71.2
134 26 124.3
134 27 136.5
134 29 55.985714
134 30 27.7
134 32 101.18291
135 0 128.7
135 1 120.2
135 2 121.6
135 3 121.2
135 4 140.4
135 5 111.7
135 7 131.2
135 8 130.3
135 9 113.7
135 10 138.8
135 12 134.9
135 13 45.9
135 14 154.4
135 15 110.8
135 16 109.5
135 17 154.5
135 19 13.595625
136 0 131.08624
136 1 141.6104
136 2 105.503334
136 3 147.13
136 4 147.38919
136 5 106.84041
136 7 101.554
136 9 40.514294
136 10 173.71
136 13 52.891228
136 14 49.186882
136 15 34.045162
136 16 131.25714
136 17 130.42857
136 18 115.828575
136 19 156.05571
136 20 115.828575
136 21 130.42857
136 23 64.524124
136 24 30.17
136 25 71.88571
136 26 123.65714
136 27 144.02661
136 29 55.985714
136 31 37.214714
136 32 161.61568
137 0 51.7
137 1 81.3
137 2 63.9
137 4 61.8
137 5 127.1
137 6 104.5
137 7 147.9
137 8 148.4
137 9 108.1
137 10 137.7
137 12 101.554
137 14 67.7
137 15 32.5
137 16 64.0
137 17 127.5
137 18 137.4
138 0 147.68916
138 1 145.9012
138 2 112.341934
138 3 128.00789
138 4 146.37143
138 5 111.36888
138 6 75.23964
138 7 85.7
138 9 163.9
138 11 80.3042
138 12 61.8
138 13 70.9
138 14 61.049763
138 16 49.908134
138 17 35.466667
138 18 42.635925
138 21 60.19788
138 25 56.099854
139 0 148.24287
139 1 148.24287
139 2 109.86667
139 3 128.00789
139 4 146.37143
139 5 111.36888
139 6 75.23964
139 7 85.7
139 9 163.9
139 11 80.3042
139 12 61.8
139 13 70.9
139 14 61.049763
139 16 49.908134
139 17 35.466667
139 18 42.635925
139 21 60.19788
139 24 56.00375
139 26 56.00375
140 0 146.3
140 1 147.13
140 2 105.503334
140 3 141.6104
140 4 127.8
140 5 103.7
140 6 65.13448
140 8 89.66
140 9 48.43292
140 10 144.02661
140 11 127.5
140 12 64.94348
140 13 38.575
140 15 38.615456
140 16 49.908134
140 18 35.95
140 20 101.6
141 0 146.3
141 1 147.13
141 2 105.503334
141 3 141.6104
141 4 127.8
141 5 103.7
141 6 65.13448
141 8 89.66
141 9 48.43292
141 10 144.02661
141 11 127.5
141 12 65.28333
141 13 38.575
141 15 38.615456
141 16 49.908134
141 18 35.95
141 20 101.6
142 0 146.3
142 1 146.3
142 2 109.1
142 3 125.4
142 4 127.8
142 5 103.7
142 6 65.0
142 8 101.7
142 9 50.1
142 10 69.9
142 11 30.4
142 12 69.15458
142 13 124.3
142 14 130.5
142 16 171.9
142 18 43.9
142 19 64.0
142 21 22.6
142 23 61.7
142 24 41.9
142 27 101.6
143 0 147.2307
143 1 147.13
143 2 105.503334
143 3 141.6104
143 4 128.00789
143 5 109.86667
143 6 163.9
143 9 90.85
143 10 51.7
143 11 62.342857
143 12 32.5
143 13 64.0
143 14 127.5
143 15 137.4
143 18 57.10606
143 19 42.635925
143 21 101.18291
144 0 145.65
144 1 145.9012
144 2 112.341934
144 3 128.00789
144 4 137.76666
144 5 109.93
144 6 42.266666
144 7 78.34182
144 9 163.9
144 11 66.82667
144 12 114.7
144 13 143.6
144 14 66.4
144 16 56.7
144 17 28.05
144 18 43.8
144 20 52.1
144 23 56.1
145 0 145.65
145 1 145.9012
145 2 112.341934
145 3 128.00789
145 4 137.76666
145 5 109.93
145 6 40.8
145 7 74.07166
145 9 163.9
145 11 80.3042
145 12 61.185715
145 13 70.9
145 14 61.049763
145 16 49.908134
145 17 35.466667
145 18 42.635925
145 21 60.19788
145 24 56.1
146 0 147.625
146 1 148.24287
146 2 109.86667
146 3 128.00789
146 4 137.76666
146 5 109.93
146 6 40.8
146 7 74.07166
146 9 163.9
146 11 80.3042
146 12 61.185715
146 13 70.9
146 14 61.049763
146 16 49.908134
146 17 35.466667
146 18 42.635925
146 21 60.19788
146 23 56.00375
146 25 56.175
147 0 146.3
147 1 147.13
147 2 105.503334
147 3 141.6104
147 4 127.8
147 5 103.7
147 6 65.13448
147 8 89.66
147 9 48.43292
147 10 144.02661
147 11 121.36
147 12 133.58563
147 13 143.76
147 14 38.615456
147 15 49.908134
147 17 35.95
147 19 101.6
148 0 146.3
148 1 146.3
148 2 103.7
148 3 127.8
148 4 125.4
148 5 109.1
148 6 50.1
148 7 101.7
148 9 65.0
148 10 61.7
148 12 69.9
148 13 32.5
148 14 64.0
148 15 127.5
148 16 130.5
148 18 41.9
148 21 101.6
149 0 147.13
149 1 147.2307
149 2 110.5
149 3 130.3
149 4 141.6104
149 5 105.503334
149 6 48.43292
149 7 62.59875
149 9 159.6
149 10 172.3
149 13 62.342857
149 14 30.4
149 15 71.88571
149 16 124.3
149 17 144.02661
149 19 56.5
149 20 31.518322
149 22 101.18291
150 0 26.333334
150 1 114.9
150 2 139.6
150 3 60.6
150 4 43.8
150 5 75.766304
150 7 170.4568
150 9 21.194042
150 10 126.6
150 11 129.1
150 12 56.8
150 14 53.4
150 15 28.05
150 16 110.8
150 17 148.24287
150 18 145.6
150 19 109.93
150 21 168.85
150 23 20.566668
150 25 56.00375
151 0 74.07166
151 1 40.8
151 2 60.033333
151 3 32.8
151 4 34.69875
151 5 77.7
151 7 170.1
151 9 21.1
151 10 25.8
151 11 56.65
151 13 57.575
151 14 128.45
151 15 137.76666
151 16 109.93
151 17 146.8452
151 18 147.38919
151 19 106.84041
151 21 101.3
151 24 169.9
151 26 20.7
152 0 150.9
152 1 147.68916
152 2 106.84041
152 3 129.1
152 4 126.6
152 5 114.7325
152 6 42.266666
152 7 60.6
152 9 56.8
152 10 53.4
152 11 28.05
152 12 139.6
152 13 114.9
152 14 34.7
152 15 68.91296
152 18 56.099854
153 1 87.2
153 2 55.902767
153 3 127.433334
153 4 138.50621
153 5 33.766666
153 6 50.31692
153 7 125.42927
153 8 111.24286
153 9 144.0
153 10 145.9
153 12 86.025
153 13 38.273685
153 14 64.2
153 15 127.5
153 16 144.02661
153 19 55.9
153 21 37.15
154 0 126.5
154 1 120.8
154 2 127.2
154 3 124.5
154 4 137.8
154 5 109.4
154 7 131.5
154 8 116.9
154 9 120.3
154 10 133.8
154 11 115.8
154 12 127.41428
154 14 133.72874
154 15 123.329384
154 16 121.764824
154 17 121.8
154 18 111.653336
154 19 151.68472
154 21 94.2
154 23 82.0
154 24 28.7
154 25 55.9
154 26 81.4
154 28 62.2
154 30 31.3
154 31 28.8
154 32 46.9
154 34 175.1
155 0 148.0
155 1 137.4
155 2 140.4
155 3 118.3
155 4 141.6104
155 5 105.503334
155 6 51.7
155 7 67.7
155 9 55.8
155 10 59.96
155 11 90.85
155 13 170.18225
155 15 21.08147
155 16 30.17
155 17 71.88571
155 18 123.65714
155 19 137.4
155 21 55.985714
155 23 60.997326
155 25 100.2
156 0 59.96
156 1 90.85
156 2 51.7
156 3 137.7
156 4 127.1
156 5 104.5
156 6 147.9
156 7 148.4
156 8 108.1
156 10 101.554
156 12 61.8
156 14 67.7
156 15 30.4
156 16 71.88571
156 17 124.3
156 18 137.4
156 20 55.985714
156 22 170.18225
156 24 21.08147
157 0 148.0
157 1 137.4
157 2 140.4
157 3 118.3
157 4 141.6104
157 5 105.503334
157 6 48.43292
157 7 64.434814
157 9 57.1
157 10 52.235455
157 11 38.615456
157 12 30.258303
157 13 28.96684
157 14 72.6478
157 15 75.994736
157 18 171.06682
157 20 21.210455
157 22 60.997326
157 24 100.2
158 0 145.65
158 1 148.2
158 2 113.6
158 3 128.45
158 4 126.6
158 5 109.93
158 6 43.8
158 7 60.6
158 9 56.8
158 10 53.4
158 11 28.05
158 12 139.6
158 13 114.9
158 14 26.333334
158 15 78.880165
158 17 170.4568
158 19 21.194042
158 22 56.1
159 0 147.13
159 1 147.2307
159 2 109.86667
159 3 128.00789
159 4 141.6104
159 5 105.503334
159 6 51.7
159 7 90.85
159 9 163.9
159 11 57.10606
159 13 64.434814
159 14 30.4
159 15 71.88571
159 16 124.3
159 17 137.4
159 19 55.985714
159 20 42.635925
159 22 101.18291
160 0 146.3
160 1 146.3
160 2 103.7
160 3 127.8
160 4 125.4
160 5 109.1
160 6 50.1
160 7 101.7
160 9 65.0
160 10 61.7
160 12 69.9
160 13 32.5
160 14 64.0
160 15 127.5
160 16 130.5
160 18 41.9
160 21 101.6
161 0 148.0
161 1 136.0132
161 2 145.21977
161 3 116.2
161 4 141.6104
161 5 105.503334
161 6 44.0
161 7 64.434814
161 9 78.1
161 11 49.908134
161 12 44.0
161 13 32.5
161 14 64.0
161 15 127.5
161 16 132.1
161 19 60.997326
161 21 100.96
162 0 148.0
162 1 136.0132
162 2 145.21977
162 3 116.2
162 4 141.6104
162 5 105.503334
162 6 48.43292
162 7 64.434814
162 9 78.1
162 11 49.908134
162 12 38.615456
162 13 35.504505
162 14 72.6478
162 15 52.633335
162 16 61.24286
162 19 56.7
162 21 60.997326
162 23 100.96
163 0 145.65
163 1 148.2
163 2 113.6
163 3 128.45
163 4 126.6
163 5 109.93
163 6 42.266666
163 7 60.6
163 9 56.8
163 10 53.4
163 11 28.05
163 12 139.6
163 13 114.9
163 14 34.7
163 15 68.91296
163 19 56.1
164 0 150.9
164 1 147.68916
164 2 109.86667
164 3 128.00789
164 4 137.76666
164 5 114.7325
164 6 43.8
164 7 78.880165
164 9 163.9
164 11 26.333334
164 12 114.9
164 13 139.6
164 14 66.4
164 16 56.7
164 17 27.9
164 18 43.8
164 20 56.099854
165 0 90.85
165 1 59.96
165 3 64.434814
165 4 51.7
165 5 144.02661
165 6 131.5
165 7 72.776
165 8 36.077724
165 10 137.7
165 11 127.1
165 12 61.8
165 13 104.5
165 14 147.9
165 15 148.4
165 16 108.1
165 18 101.554
166 0 67.7
166 2 55.8
166 3 118.3
166 4 140.4
166 5 137.4
166 6 148.0
166 7 105.503334
166 8 141.6104
166 9 51.7
166 10 137.4
166 11 124.3
166 12 71.88571
166 13 30.4
166 15 56.5
166 16 81.3
166 17 63.9
166 20 100.2
166 23 60.997326
167 0 147.13
167 1 147.402
167 2 106.026
167 3 126.92571
167 4 141.6104
167 5 105.503334
167 6 40.514294
167 7 65.57714
167 9 52.891228
167 10 81.11515
167 12 105.1944
167 14 71.88781
167 15 203.91429
167 17 23.5
167 18 30.17
167 19 71.88571
167 20 124.3
167 21 144.02661
167 23 55.985714
167 25 101.554
168 0 62.9
168 2 55.8
168 3 118.3
168 4 140.4
168 5 137.4
168 6 148.0
168 7 105.503334
168 8 141.6104
168 9 44.0
168 10 132.1
168 11 123.65714
168 12 71.2
168 13 30.17
168 15 55.985714
168 16 44.0
168 17 53.4
168 19 100.2
168 22 60.997326
169 0 125.4
169 1 127.8
169 2 103.7
169 3 146.3
169 4 146.3
169 5 109.1
169 7 101.6
169 9 65.0
169 11 101.7
169 12 50.1
169 13 69.9
169 14 26.6
169 15 72.4
169 16 128.4
169 17 130.5
169 19 55.985714
169 21 61.7
169 22 41.9
170 0 111.36888
170 1 148.24287
170 2 148.24287
170 3 109.86667
170 4 127.79905
170 5 148.8
170 6 84.920555
170 8 170.5
170 10 76.4
170 11 75.377144
170 12 61.087143
170 13 70.9
170 14 61.049763
170 16 49.908134
170 17 35.466667
170 18 42.635925
170 21 59.1
170 24 56.00375
170 26 56.00375
171 0 128.9
171 1 117.9
171 2 129.8
171 3 127.2
171 4 146.5
171 5 110.7
171 7 30.7
171 8 130.9
171 9 133.8
171 10 109.7
171 11 147.6
171 12 147.4
171 13 110.2
171 15 101.25
171 17 63.5
172 0 137.76666
172 1 128.00789
172 2 163.9
172 5 78.880165
172 6 43.8
172 7 66.4
172 8 139.6
172 9 114.9
172 10 26.333334
172 11 27.9
172 12 56.7
172 14 43.8
172 15 109.86667
172 16 147.2307
172 17 146.8452
172 18 109.93
172 20 101.18291
173 0 70.0
173 1 147.5
173 2 114.7
173 3 35.5
173 4 72.3
173 5 75.5
173 8 45.885715
173 9 138.94016
173 10 123.14286
173 11 52.891228
173 13 56.9
173 14 142.8
173 15 145.4
173 16 107.3
173 17 120.1
173 19 101.1
174 0 48.7
174 1 86.2
174 3 146.9
174 4 132.0
174 5 134.82
174 6 124.6
174 7 111.3
174 8 144.0
174 10 55.9
174 11 54.875
174 13 50.31692
174 14 36.8
174 15 161.61568
174 17 33.7
174 18 64.2
174 19 127.5
174 20 131.6
175 0 130.8
175 1 132.4
175 2 108.7
175 3 147.6
175 4 147.0
175 5 110.0
175 7 101.25
175 9 62.4
175 11 137.2
175 12 140.3
175 13 115.97346
175 14 131.20871
175 15 121.98837
175 16 127.082794
175 18 33.1
175 19 162.5
176 0 137.31017
176 1 127.164
176 2 161.5139
176 5 141.74712
176 6 126.038605
176 7 127.082794
176 8 121.98837
176 9 131.20871
176 10 115.97346
176 11 29.1
176 12 106.85833
176 13 148.84
176 14 147.152
176 15 109.89302
176 17 102.64
177 0 48.6
177 1 86.2
177 3 147.18294
177 4 132.0
177 5 133.3
177 6 124.6
177 7 115.40336
177 8 144.24902
177 10 53.8
177 12 47.0
177 13 40.8
177 14 27.5
177 15 63.4
177 16 122.5
177 17 131.6
177 19 171.9
177 21 43.9
177 22 64.0
177 24 22.6
178 0 138.50621
178 1 127.433334
178 2 146.2
178 3 144.0
178 4 111.24286
178 5 125.42927
178 7 55.9
178 9 86.025
178 10 55.902767
178 11 35.152916
178 12 28.445715
178 13 66.0
178 14 37.8
178 16 55.022274
178 18 47.485
178 19 38.55
179 0 138.50621
179 1 127.433334
179 2 147.18294
179 3 144.24902
179 4 118.5
179 5 125.42927
179 8 86.025
179 9 55.902767
179 10 144.02661
179 11 127.5
179 12 64.2
179 13 33.7
179 15 55.022274
179 17 47.485
179 18 38.55
180 0 50.31692
180 1 36.8
180 2 48.7
180 3 132.0
180 4 134.82
180 5 54.875
180 7 40.7
180 8 124.6
180 9 111.3
180 10 144.0
180 11 146.9
180 13 86.2
180 14 27.5
180 15 63.4
180 16 122.5
180 17 131.6
180 19 170.7
180 21 21.6
180 23 55.9
181 0 126.5
181 1 129.5
181 2 90.7
181 4 67.3
181 5 43.8
181 6 66.4
181 7 139.6
181 8 114.9
181 9 31.7
181 10 27.9
181 11 56.7
181 13 43.8
181 15 110.63333
181 16 147.2307
181 17 146.8452
181 18 109.93
181 20 101.354576
182 0 126.5
182 1 137.38461
182 2 101.307144
182 4 67.3
182 5 43.8
182 6 66.4
182 7 139.6
182 8 114.9
182 9 31.7
182 10 27.9
182 11 56.7
182 13 43.8
182 15 55.1
182 16 110.63333
182 17 147.2307
182 18 146.8452
182 19 109.93
182 21 101.354576
183 0 60.5
183 1 153.6
183 2 132.44772
183 3 68.14333
183 4 68.2
183 5 32.7
183 8 45.5
183 9 124.2
183 10 132.1
183 11 58.3
183 13 56.9
183 14 106.8
183 15 147.15715
183 16 146.4
183 17 106.3
183 19 101.3
184 0 147.152
184 1 148.84
184 2 106.85833
184 3 127.164
184 4 137.31017
184 5 109.89302
184 6 126.038605
184 7 141.74712
184 9 161.5139
184 11 47.6
184 12 24.4
184 13 31.3
184 14 174.3
184 17 51.6
184 18 115.97346
184 19 131.20871
184 20 121.98837
184 21 127.082794
184 23 102.64
185 0 147.2
185 1 147.13
185 2 105.503334
185 3 141.6104
185 4 136.94122
185 5 108.31571
185 6 63.037716
185 8 51.7
185 9 62.342857
185 10 30.4
185 11 71.88571
185 12 124.3
185 13 137.4
185 15 55.985714
185 17 58.99652
185 18 81.3
185 20 42.635925
185 22 101.6
186 0 129.43
186 1 122.74
186 2 151.7
186 4 143.61
186 5 123.9
186 6 122.92
186 7 126.53
186 8 127.9
186 9 129.37
186 10 105.22
186 11 147.99
186 12 151.34
186 13 100.23
186 15 102.16
187 0 148.0
187 1 137.4
187 2 140.4
187 3 118.3
187 4 141.6104
187 5 105.503334
187 6 48.43292
187 7 64.434814
187 9 57.1
187 10 52.235455
187 11 38.615456
187 12 35.504505
187 13 72.6478
187 14 52.633335
187 15 61.24286
187 18 56.7
187 20 60.997326
187 22 100.2
188 0 124.89375
188 1 127.862946
188 2 131.65045
188 3 118.86818
188 4 127.52256
188 5 124.47119
188 6 129.17363
188 7 127.52256
188 8 144.2625
188 10 58.5
188 11 24.6875
188 12 104.856285
188 13 150.94228
188 14 149.6
188 15 101.815
188 17 55.970627
188 19 55.970627
189 0 137.76666
189 1 128.45
189 2 57.575
189 4 60.033333
189 5 40.8
189 6 72.36957
189 7 69.76986
189 8 34.69875
189 9 32.8
189 10 25.8
189 11 56.65
189 14 106.84041
189 15 147.38919
189 16 146.8452
189 17 109.93
189 19 101.3
190 0 131.58
190 1 48.804176
190 3 48.57
190 4 34.488
190 5 133.4109
190 6 127.18
190 7 114.0
190 8 157.0
190 9 114.0
190 10 127.18
190 12 56.57
190 13 120.35
190 14 111.6
190 15 147.6
190 16 148.5
190 17 111.8
190 19 55.5
190 21 55.6
191 0 148.0
191 1 136.0132
191 2 145.21977
191 3 116.2
191 4 141.6104
191 5 105.503334
191 6 39.6
191 7 64.434814
191 9 88.791664
191 11 52.5
191 12 49.908134
191 13 38.615456
191 14 35.504505
191 15 77.45
191 16 29.247368
191 17 35.152916
191 19 56.18261
191 21 60.997326
191 23 100.96
192 0 132.0
192 1 129.8
192 2 115.828575
192 3 156.05571
192 4 115.828575
192 5 129.8
192 7 33.8
192 8 56.8
192 10 66.0
192 11 44.4
192 12 130.5
192 13 129.1
192 14 50.5
192 15 106.0
192 16 146.8
192 17 146.9
192 18 108.4
192 20 101.554
192 22 61.6
192 23 30.4
192 24 71.2
192 25 124.3
192 26 136.5
192 28 55.985714
192 30 172.3
192 32 27.7
193 0 147.2
193 1 147.13
193 2 105.503334
193 3 141.6104
193 4 136.94122
193 5 108.31571
193 6 63.037716
193 8 51.7
193 9 81.3
193 10 57.10606
193 12 64.434814
193 13 30.4
193 14 71.88571
193 15 124.3
193 16 137.4
193 18 55.985714
193 19 42.635925
193 22 101.6
194 0 60.033333
194 1 40.8
194 2 70.5
194 3 70.24737
194 4 34.69875
194 5 32.8
194 6 31.175
194 7 55.68
194 9 42.635925
194 12 163.9
194 14 128.00789
194 15 137.76666
194 16 109.93
194 17 146.8452
194 18 147.2307
194 19 109.86667
194 21 101.18291
195 0 60.033333
195 1 40.8
195 2 78.34182
195 3 77.7
195 4 33.20084
195 5 32.8
195 6 25.8
195 7 55.68
195 9 42.635925
195 11 171.34262
195 13 43.9
195 14 64.0
195 16 22.6
195 18 163.9
195 20 128.00789
195 21 137.76666
195 22 109.93
195 23 146.8452
195 24 147.2307
195 25 109.86667
195 27 101.18291
196 0 133.3
196 1 132.0
196 2 146.9
196 3 144.0
196 4 111.3
196 5 120.1
196 7 55.9
196 9 86.2
196 10 48.6
196 11 40.8
196 12 47.0
196 14 53.8
196 15 131.6
196 16 122.5
196 17 63.4
196 18 27.5
196 20 171.34262
196 22 40.154903
196 23 67.2
196 25 170.18225
196 27 21.08147
196 28 20.97424
197 0 133.3
197 1 132.0
197 2 146.9
197 3 144.0
197 4 111.3
197 5 120.1
197 7 55.9
197 9 86.2
197 10 48.6
197 11 131.6
197 12 122.5
197 13 63.4
197 14 27.5
197 16 171.9
197 18 43.9
197 19 64.0
197 20 22.6
197 22 40.8
197 23 47.0
197 25 53.8
198 0 126.3
198 1 130.9
198 2 52.891228
198 4 145.5
198 5 126.038605
198 6 127.082794
198 7 126.59845
198 8 131.9
198 9 129.9
198 10 27.933332
198 11 49.908134
198 12 103.6
198 13 147.0
198 14 147.1
198 15 107.5
198 17 101.1
199 0 26.308107
199 1 23.813044
199 2 47.1
199 3 48.833332
199 4 45.278946
199 5 34.081818
199 6 52.3
199 7 26.5
199 8 34.613335
199 9 35.0
199 10 36.1
199 11 31.242857
199 12 157.0
199 13 105.7
199 14 34.16
199 15 22.06
199 16 22.06
199 17 19.3
199 18 18.105263
199 19 19.275757
199 20 23.634428
199 21 29.291779
199 22 41.6377
199 23 26.108824
199 24 33.38261
199 25 39.303844
199 26 211.3091
199 28 44.66
199 29 28.5
200 0 60.5
200 1 153.6
200 2 112.7
200 3 79.5
200 4 68.2
200 5 32.7
200 8 55.0
200 9 45.5
200 10 124.2
200 11 132.1
200 12 58.3
200 14 56.9
200 15 106.8
200 16 147.15715
200 17 146.4
200 18 106.3
200 20 101.3
